01011980
01021980
01031980
01041980
01051980
01061980
01071980
01081980
01091980
01101980
01111980
01121980
02011980
02031980
02041980
02051980
02061980
02071980
02081980
02091980
02101980
02111980
02121980
03011980
03021980
03031980
03041980
03051980
03061980
03071980
03081980
03091980
03101980
03111980
03121980
04011980
04021980
04031980
04041980
04051980
04061980
04071980
04081980
04091980
04101980
04111980
04121980
05011980
05021980
05031980
05041980
05051980
05061980
05071980
05081980
05091980
05101980
05111980
05121980
06011980
06021980
06031980
06041980
06051980
06061980
06071980
06081980
06091980
06101980
06111980
06121980
07011980
07021980
07031980
07041980
07051980
07061980
07071980
07081980
07091980
07101980
07111980
07121980
08011980
08021980
08031980
08041980
08051980
08061980
08071980
08081980
08091980
08101980
08111980
08121980
09011980
09021980
09031980
09041980
09051980
09061980
09071980
09081980
09091980
09101980
09111980
09121980
10011980
10021980
10031980
10041980
10051980
10061980
10071980
10081980
10091980
10101980
10111980
10121980
11011980
11021980
11031980
11041980
11051980
11061980
11071980
11081980
11091980
11101980
11111980
11121980
12011980
12021980
12031980
12041980
12051980
12061980
12071980
12081980
12091980
12101980
12111980
12121980
13011980
13021980
13031980
13041980
13051980
13061980
13071980
13081980
13091980
13101980
13111980
13121980
14011980
14021980
14031980
14041980
14051980
14061980
14071980
14081980
14091980
14101980
14111980
14121980
15011980
15021980
15031980
15041980
15051980
15061980
15071980
15081980
15091980
15101980
15111980
15121980
16011980
16021980
16031980
16041980
16051980
16061980
16071980
16081980
16191980
16101980
16111980
16121980
17011980
17021980
17031980
17041980
17051980
17061980
17071980
17081980
17091980
17101980
17111980
17121980
18011980
18021980
18031980
18041980
18051980
18061980
18061980
18071980
18081980
18091980
18101980
18111980
18121980
19011980
19021980
19031980
19041980
19051980
19061980
19071980
19081980
19091980
19101980
19111980
19121980
19811980
19821980
19831980
19841980
19851980
19861980
19871980
19881980
19891980
20101980
20111980
20121980
21011980
21021980
21031980
21041980
21051980
21061980
21071980
21081980
21091980
21101980
21111980
21121980
22011980
22021980
22031980
22041980
22051980
22061980
22071980
22081980
22091980
22101980
22111980
22121980
23011980
23021980
23031980
23041980
23051980
23061980
23071980
23081980
23091980
23101980
23111980
23121980
24011980
24021980
24031980
24041980
24051980
24061980
24071980
24081980
24091980
24101980
24111980
24121980
25011980
25021980
25031980
25041980
25051980
25061980
25071980
25081980
25091980
25101980
25111980
25121980
26011980
26021980
26031980
26041980
26051980
26061980
26071980
27081980
26091980
26101980
26111980
26121980
27011980
27021980
27031980
27041980
27051980
27061980
27071980
27081980
27091980
27101980
27111980
27121980
28011980
28021980
28031980
28041980
28051980
28061980
28071980
28081980
28091980
28101980
28111980
28121980
29011980
29021980
29031980
29041980
29051980
29061980
29071980
29081980
29091980
29101980
29111980
29121980
29121980
30011980
30021980
30031980
30041980
30051980
30061980
30071980
30081980
30091980
30101980
30111980
30121980
01011981
01021981
01031981
01041981
01051981
01061981
01071981
01081981
01091981
01101981
01111981
01121981
02011981
02031981
02041981
02051981
02061981
02071981
02081981
02091981
02101981
02111981
02121981
03011981
03021981
03031981
03041981
03051981
03061981
03071981
03081981
03091981
03101981
03111981
03121981
04011981
04021981
04031981
04041981
04051981
04061981
04071981
04081981
04091981
04101981
04111981
04121981
05011981
05021981
05031981
05041981
05051981
05061981
05071981
05081981
05091981
05101981
05111981
05121981
06011981
06021981
06031981
06041981
06051981
06061981
06071981
06081981
06091981
06101981
06111981
06121981
07011981
07021981
07031981
07041981
07051981
07061981
07071981
07081981
07091981
07101981
07111981
07121981
08011981
08021981
08031981
08041981
08051981
08061981
08071981
08081981
08091981
08101981
08111981
08121981
09011981
09021981
09031981
09041981
09051981
09061981
09071981
09081981
09091981
09101981
09111981
09121981
10011981
10021981
10031981
10041981
10051981
10061981
10071981
10081981
10091981
10101981
10111981
10121981
11011981
11021981
11031981
11041981
11051981
11061981
11071981
11081981
11091981
11101981
11111981
11121981
12011981
12021981
12031981
12041981
12051981
12061981
12071981
12081981
12091981
12101981
12111981
12121981
13011981
13021981
13031981
13041981
13051981
13061981
13071981
13081981
13091981
13101981
13111981
13121981
14011981
14021981
14031981
14041981
14051981
14061981
14071981
14081981
14091981
14101981
14111981
14121981
15011981
15021981
15031981
15041981
15051981
15061981
15071981
15081981
15091981
15101981
15111981
15121981
16011981
16021981
16031981
16041981
16051981
16061981
16071981
16081981
16191981
16101981
16111981
16121981
17011981
17021981
17031981
17041981
17051981
17061981
17071981
17081981
17091981
17101981
17111981
17121981
18011981
18021981
18031981
18041981
18051981
18061981
18061981
18071981
18081981
18091981
18101981
18111981
18121981
19011981
19021981
19031981
19041981
19051981
19061981
19071981
19081981
19091981
19101981
19111981
19121981
19811981
19821981
19831981
19841981
19851981
19861981
19871981
19881981
19891981
20101981
20111981
20121981
21011981
21021981
21031981
21041981
21051981
21061981
21071981
21081981
21091981
21101981
21111981
21121981
22011981
22021981
22031981
22041981
22051981
22061981
22071981
22081981
22091981
22101981
22111981
22121981
23011981
23021981
23031981
23041981
23051981
23061981
23071981
23081981
23091981
23101981
23111981
23121981
24011981
24021981
24031981
24041981
24051981
24061981
24071981
24081981
24091981
24101981
24111981
24121981
25011981
25021981
25031981
25041981
25051981
25061981
25071981
25081981
25091981
25101981
25111981
25121981
26011981
26021981
26031981
26041981
26051981
26061981
26071981
27081981
26091981
26101981
26111981
26121981
27011981
27021981
27031981
27041981
27051981
27061981
27071981
27081981
27091981
27101981
27111981
27121981
28011981
28021981
28031981
28041981
28051981
28061981
28071981
28081981
28091981
28101981
28111981
28121981
29011981
29021981
29031981
29041981
29051981
29061981
29071981
29081981
29091981
29101981
29111981
29121981
29121981
30011981
30021981
30031981
30041981
30051981
30061981
30071981
30081981
30091981
30101981
30111981
30121981
01011982
01021982
01031982
01041982
01051982
01061982
01071982
01081982
01091982
01101982
01111982
01121982
02011982
02031982
02041982
02051982
02061982
02071982
02081982
02091982
02101982
02111982
02121982
03011982
03021982
03031982
03041982
03051982
03061982
03071982
03081982
03091982
03101982
03111982
03121982
04011982
04021982
04031982
04041982
04051982
04061982
04071982
04081982
04091982
04101982
04111982
04121982
05011982
05021982
05031982
05041982
05051982
05061982
05071982
05081982
05091982
05101982
05111982
05121982
06011982
06021982
06031982
06041982
06051982
06061982
06071982
06081982
06091982
06101982
06111982
06121982
07011982
07021982
07031982
07041982
07051982
07061982
07071982
07081982
07091982
07101982
07111982
07121982
08011982
08021982
08031982
08041982
08051982
08061982
08071982
08081982
08091982
08101982
08111982
08121982
09011982
09021982
09031982
09041982
09051982
09061982
09071982
09081982
09091982
09101982
09111982
09121982
10011982
10021982
10031982
10041982
10051982
10061982
10071982
10081982
10091982
10101982
10111982
10121982
11011982
11021982
11031982
11041982
11051982
11061982
11071982
11081982
11091982
11101982
11111982
11121982
12011982
12021982
12031982
12041982
12051982
12061982
12071982
12081982
12091982
12101982
12111982
12121982
13011982
13021982
13031982
13041982
13051982
13061982
13071982
13081982
13091982
13101982
13111982
13121982
14011982
14021982
14031982
14041982
14051982
14061982
14071982
14081982
14091982
14101982
14111982
14121982
15011982
15021982
15031982
15041982
15051982
15061982
15071982
15081982
15091982
15101982
15111982
15121982
16011982
16021982
16031982
16041982
16051982
16061982
16071982
16081982
16191982
16101982
16111982
16121982
17011982
17021982
17031982
17041982
17051982
17061982
17071982
17081982
17091982
17101982
17111982
17121982
18011982
18021982
18031982
18041982
18051982
18061982
18061982
18071982
18081982
18091982
18101982
18111982
18121982
19011982
19021982
19031982
19041982
19051982
19061982
19071982
19081982
19091982
19101982
19111982
19121982
19811982
19821982
19831982
19841982
19851982
19861982
19871982
19881982
19891982
20101982
20111982
20121982
21011982
21021982
21031982
21041982
21051982
21061982
21071982
21081982
21091982
21101982
21111982
21121982
22011982
22021982
22031982
22041982
22051982
22061982
22071982
22081982
22091982
22101982
22111982
22121982
23011982
23021982
23031982
23041982
23051982
23061982
23071982
23081982
23091982
23101982
23111982
23121982
24011982
24021982
24031982
24041982
24051982
24061982
24071982
24081982
24091982
24101982
24111982
24121982
25011982
25021982
25031982
25041982
25051982
25061982
25071982
25081982
25091982
25101982
25111982
25121982
26011982
26021982
26031982
26041982
26051982
26061982
26071982
27081982
26091982
26101982
26111982
26121982
27011982
27021982
27031982
27041982
27051982
27061982
27071982
27081982
27091982
27101982
27111982
27121982
28011982
28021982
28031982
28041982
28051982
28061982
28071982
28081982
28091982
28101982
28111982
28121982
29011982
29021982
29031982
29041982
29051982
29061982
29071982
29081982
29091982
29101982
29111982
29121982
29121982
30011982
30021982
30031982
30041982
30051982
30061982
30071982
30081982
30091982
30101982
30111982
30121982
01011983
01021983
01031983
01041983
01051983
01061983
01071983
01081983
01091983
01101983
01111983
01121983
02011983
02031983
02041983
02051983
02061983
02071983
02081983
02091983
02101983
02111983
02121983
03011983
03021983
03031983
03041983
03051983
03061983
03071983
03081983
03091983
03101983
03111983
03121983
04011983
04021983
04031983
04041983
04051983
04061983
04071983
04081983
04091983
04101983
04111983
04121983
05011983
05021983
05031983
05041983
05051983
05061983
05071983
05081983
05091983
05101983
05111983
05121983
06011983
06021983
06031983
06041983
06051983
06061983
06071983
06081983
06091983
06101983
06111983
06121983
07011983
07021983
07031983
07041983
07051983
07061983
07071983
07081983
07091983
07101983
07111983
07121983
08011983
08021983
08031983
08041983
08051983
08061983
08071983
08081983
08091983
08101983
08111983
08121983
09011983
09021983
09031983
09041983
09051983
09061983
09071983
09081983
09091983
09101983
09111983
09121983
10011983
10021983
10031983
10041983
10051983
10061983
10071983
10081983
10091983
10101983
10111983
10121983
11011983
11021983
11031983
11041983
11051983
11061983
11071983
11081983
11091983
11101983
11111983
11121983
12011983
12021983
12031983
12041983
12051983
12061983
12071983
12081983
12091983
12101983
12111983
12121983
13011983
13021983
13031983
13041983
13051983
13061983
13071983
13081983
13091983
13101983
13111983
13121983
14011983
14021983
14031983
14041983
14051983
14061983
14071983
14081983
14091983
14101983
14111983
14121983
15011983
15021983
15031983
15041983
15051983
15061983
15071983
15081983
15091983
15101983
15111983
15121983
16011983
16021983
16031983
16041983
16051983
16061983
16071983
16081983
16191983
16101983
16111983
16121983
17011983
17021983
17031983
17041983
17051983
17061983
17071983
17081983
17091983
17101983
17111983
17121983
18011983
18021983
18031983
18041983
18051983
18061983
18061983
18071983
18081983
18091983
18101983
18111983
18121983
19011983
19021983
19031983
19041983
19051983
19061983
19071983
19081983
19091983
19101983
19111983
19121983
19811983
19821983
19831983
19841983
19851983
19861983
19871983
19881983
19891983
20101983
20111983
20121983
21011983
21021983
21031983
21041983
21051983
21061983
21071983
21081983
21091983
21101983
21111983
21121983
22011983
22021983
22031983
22041983
22051983
22061983
22071983
22081983
22091983
22101983
22111983
22121983
23011983
23021983
23031983
23041983
23051983
23061983
23071983
23081983
23091983
23101983
23111983
23121983
24011983
24021983
24031983
24041983
24051983
24061983
24071983
24081983
24091983
24101983
24111983
24121983
25011983
25021983
25031983
25041983
25051983
25061983
25071983
25081983
25091983
25101983
25111983
25121983
26011983
26021983
26031983
26041983
26051983
26061983
26071983
27081983
26091983
26101983
26111983
26121983
27011983
27021983
27031983
27041983
27051983
27061983
27071983
27081983
27091983
27101983
27111983
27121983
28011983
28021983
28031983
28041983
28051983
28061983
28071983
28081983
28091983
28101983
28111983
28121983
29011983
29021983
29031983
29041983
29051983
29061983
29071983
29081983
29091983
29101983
29111983
29121983
29121983
30011983
30021983
30031983
30041983
30051983
30061983
30071983
30081983
30091983
30101983
30111983
30121983
01011984
01021984
01031984
01041984
01051984
01061984
01071984
01081984
01091984
01101984
01111984
01121984
02011984
02031984
02041984
02051984
02061984
02071984
02081984
02091984
02101984
02111984
02121984
03011984
03021984
03031984
03041984
03051984
03061984
03071984
03081984
03091984
03101984
03111984
03121984
04011984
04021984
04031984
04041984
04051984
04061984
04071984
04081984
04091984
04101984
04111984
04121984
05011984
05021984
05031984
05041984
05051984
05061984
05071984
05081984
05091984
05101984
05111984
05121984
06011984
06021984
06031984
06041984
06051984
06061984
06071984
06081984
06091984
06101984
06111984
06121984
07011984
07021984
07031984
07041984
07051984
07061984
07071984
07081984
07091984
07101984
07111984
07121984
08011984
08021984
08031984
08041984
08051984
08061984
08071984
08081984
08091984
08101984
08111984
08121984
09011984
09021984
09031984
09041984
09051984
09061984
09071984
09081984
09091984
09101984
09111984
09121984
10011984
10021984
10031984
10041984
10051984
10061984
10071984
10081984
10091984
10101984
10111984
10121984
11011984
11021984
11031984
11041984
11051984
11061984
11071984
11081984
11091984
11101984
11111984
11121984
12011984
12021984
12031984
12041984
12051984
12061984
12071984
12081984
12091984
12101984
12111984
12121984
13011984
13021984
13031984
13041984
13051984
13061984
13071984
13081984
13091984
13101984
13111984
13121984
14011984
14021984
14031984
14041984
14051984
14061984
14071984
14081984
14091984
14101984
14111984
14121984
15011984
15021984
15031984
15041984
15051984
15061984
15071984
15081984
15091984
15101984
15111984
15121984
16011984
16021984
16031984
16041984
16051984
16061984
16071984
16081984
16191984
16101984
16111984
16121984
17011984
17021984
17031984
17041984
17051984
17061984
17071984
17081984
17091984
17101984
17111984
17121984
18011984
18021984
18031984
18041984
18051984
18061984
18061984
18071984
18081984
18091984
18101984
18111984
18121984
19011984
19021984
19031984
19041984
19051984
19061984
19071984
19081984
19091984
19101984
19111984
19121984
19811984
19821984
19831984
19841984
19851984
19861984
19871984
19881984
19891984
20101984
20111984
20121984
21011984
21021984
21031984
21041984
21051984
21061984
21071984
21081984
21091984
21101984
21111984
21121984
22011984
22021984
22031984
22041984
22051984
22061984
22071984
22081984
22091984
22101984
22111984
22121984
23011984
23021984
23031984
23041984
23051984
23061984
23071984
23081984
23091984
23101984
23111984
23121984
24011984
24021984
24031984
24041984
24051984
24061984
24071984
24081984
24091984
24101984
24111984
24121984
25011984
25021984
25031984
25041984
25051984
25061984
25071984
25081984
25091984
25101984
25111984
25121984
26011984
26021984
26031984
26041984
26051984
26061984
26071984
27081984
26091984
26101984
26111984
26121984
27011984
27021984
27031984
27041984
27051984
27061984
27071984
27081984
27091984
27101984
27111984
27121984
28011984
28021984
28031984
28041984
28051984
28061984
28071984
28081984
28091984
28101984
28111984
28121984
29011984
29021984
29031984
29041984
29051984
29061984
29071984
29081984
29091984
29101984
29111984
29121984
29121984
30011984
30021984
30031984
30041984
30051984
30061984
30071984
30081984
30091984
30101984
30111984
30121984
01011985
01021985
01031985
01041985
01051985
01061985
01071985
01081985
01091985
01101985
01111985
01121985
02011985
02031985
02041985
02051985
02061985
02071985
02081985
02091985
02101985
02111985
02121985
03011985
03021985
03031985
03041985
03051985
03061985
03071985
03081985
03091985
03101985
03111985
03121985
04011985
04021985
04031985
04041985
04051985
04061985
04071985
04081985
04091985
04101985
04111985
04121985
05011985
05021985
05031985
05041985
05051985
05061985
05071985
05081985
05091985
05101985
05111985
05121985
06011985
06021985
06031985
06041985
06051985
06061985
06071985
06081985
06091985
06101985
06111985
06121985
07011985
07021985
07031985
07041985
07051985
07061985
07071985
07081985
07091985
07101985
07111985
07121985
08011985
08021985
08031985
08041985
08051985
08061985
08071985
08081985
08091985
08101985
08111985
08121985
09011985
09021985
09031985
09041985
09051985
09061985
09071985
09081985
09091985
09101985
09111985
09121985
10011985
10021985
10031985
10041985
10051985
10061985
10071985
10081985
10091985
10101985
10111985
10121985
11011985
11021985
11031985
11041985
11051985
11061985
11071985
11081985
11091985
11101985
11111985
11121985
12011985
12021985
12031985
12041985
12051985
12061985
12071985
12081985
12091985
12101985
12111985
12121985
13011985
13021985
13031985
13041985
13051985
13061985
13071985
13081985
13091985
13101985
13111985
13121985
14011985
14021985
14031985
14041985
14051985
14061985
14071985
14081985
14091985
14101985
14111985
14121985
15011985
15021985
15031985
15041985
15051985
15061985
15071985
15081985
15091985
15101985
15111985
15121985
16011985
16021985
16031985
16041985
16051985
16061985
16071985
16081985
16191985
16101985
16111985
16121985
17011985
17021985
17031985
17041985
17051985
17061985
17071985
17081985
17091985
17101985
17111985
17121985
18011985
18021985
18031985
18041985
18051985
18061985
18061985
18071985
18081985
18091985
18101985
18111985
18121985
19011985
19021985
19031985
19041985
19051985
19061985
19071985
19081985
19091985
19101985
19111985
19121985
19811985
19821985
19831985
19841985
19851985
19861985
19871985
19881985
19891985
20101985
20111985
20121985
21011985
21021985
21031985
21041985
21051985
21061985
21071985
21081985
21091985
21101985
21111985
21121985
22011985
22021985
22031985
22041985
22051985
22061985
22071985
22081985
22091985
22101985
22111985
22121985
23011985
23021985
23031985
23041985
23051985
23061985
23071985
23081985
23091985
23101985
23111985
23121985
24011985
24021985
24031985
24041985
24051985
24061985
24071985
24081985
24091985
24101985
24111985
24121985
25011985
25021985
25031985
25041985
25051985
25061985
25071985
25081985
25091985
25101985
25111985
25121985
26011985
26021985
26031985
26041985
26051985
26061985
26071985
27081985
26091985
26101985
26111985
26121985
27011985
27021985
27031985
27041985
27051985
27061985
27071985
27081985
27091985
27101985
27111985
27121985
28011985
28021985
28031985
28041985
28051985
28061985
28071985
28081985
28091985
28101985
28111985
28121985
29011985
29021985
29031985
29041985
29051985
29061985
29071985
29081985
29091985
29101985
29111985
29121985
29121985
30011985
30021985
30031985
30041985
30051985
30061985
30071985
30081985
30091985
30101985
30111985
30121985
01011986
01021986
01031986
01041986
01051986
01061986
01071986
01081986
01091986
01101986
01111986
01121986
02011986
02031986
02041986
02051986
02061986
02071986
02081986
02091986
02101986
02111986
02121986
03011986
03021986
03031986
03041986
03051986
03061986
03071986
03081986
03091986
03101986
03111986
03121986
04011986
04021986
04031986
04041986
04051986
04061986
04071986
04081986
04091986
04101986
04111986
04121986
05011986
05021986
05031986
05041986
05051986
05061986
05071986
05081986
05091986
05101986
05111986
05121986
06011986
06021986
06031986
06041986
06051986
06061986
06071986
06081986
06091986
06101986
06111986
06121986
07011986
07021986
07031986
07041986
07051986
07061986
07071986
07081986
07091986
07101986
07111986
07121986
08011986
08021986
08031986
08041986
08051986
08061986
08071986
08081986
08091986
08101986
08111986
08121986
09011986
09021986
09031986
09041986
09051986
09061986
09071986
09081986
09091986
09101986
09111986
09121986
10011986
10021986
10031986
10041986
10051986
10061986
10071986
10081986
10091986
10101986
10111986
10121986
11011986
11021986
11031986
11041986
11051986
11061986
11071986
11081986
11091986
11101986
11111986
11121986
12011986
12021986
12031986
12041986
12051986
12061986
12071986
12081986
12091986
12101986
12111986
12121986
13011986
13021986
13031986
13041986
13051986
13061986
13071986
13081986
13091986
13101986
13111986
13121986
14011986
14021986
14031986
14041986
14051986
14061986
14071986
14081986
14091986
14101986
14111986
14121986
15011986
15021986
15031986
15041986
15051986
15061986
15071986
15081986
15091986
15101986
15111986
15121986
16011986
16021986
16031986
16041986
16051986
16061986
16071986
16081986
16191986
16101986
16111986
16121986
17011986
17021986
17031986
17041986
17051986
17061986
17071986
17081986
17091986
17101986
17111986
17121986
18011986
18021986
18031986
18041986
18051986
18061986
18061986
18071986
18081986
18091986
18101986
18111986
18121986
19011986
19021986
19031986
19041986
19051986
19061986
19071986
19081986
19091986
19101986
19111986
19121986
19811986
19821986
19831986
19841986
19851986
19861986
19871986
19881986
19891986
20101986
20111986
20121986
21011986
21021986
21031986
21041986
21051986
21061986
21071986
21081986
21091986
21101986
21111986
21121986
22011986
22021986
22031986
22041986
22051986
22061986
22071986
22081986
22091986
22101986
22111986
22121986
23011986
23021986
23031986
23041986
23051986
23061986
23071986
23081986
23091986
23101986
23111986
23121986
24011986
24021986
24031986
24041986
24051986
24061986
24071986
24081986
24091986
24101986
24111986
24121986
25011986
25021986
25031986
25041986
25051986
25061986
25071986
25081986
25091986
25101986
25111986
25121986
26011986
26021986
26031986
26041986
26051986
26061986
26071986
27081986
26091986
26101986
26111986
26121986
27011986
27021986
27031986
27041986
27051986
27061986
27071986
27081986
27091986
27101986
27111986
27121986
28011986
28021986
28031986
28041986
28051986
28061986
28071986
28081986
28091986
28101986
28111986
28121986
29011986
29021986
29031986
29041986
29051986
29061986
29071986
29081986
29091986
29101986
29111986
29121986
29121986
30011986
30021986
30031986
30041986
30051986
30061986
30071986
30081986
30091986
30101986
30111986
30121986
01011987
01021987
01031987
01041987
01051987
01061987
01071987
01081987
01091987
01101987
01111987
01121987
02011987
02031987
02041987
02051987
02061987
02071987
02081987
02091987
02101987
02111987
02121987
03011987
03021987
03031987
03041987
03051987
03061987
03071987
03081987
03091987
03101987
03111987
03121987
04011987
04021987
04031987
04041987
04051987
04061987
04071987
04081987
04091987
04101987
04111987
04121987
05011987
05021987
05031987
05041987
05051987
05061987
05071987
05081987
05091987
05101987
05111987
05121987
06011987
06021987
06031987
06041987
06051987
06061987
06071987
06081987
06091987
06101987
06111987
06121987
07011987
07021987
07031987
07041987
07051987
07061987
07071987
07081987
07091987
07101987
07111987
07121987
08011987
08021987
08031987
08041987
08051987
08061987
08071987
08081987
08091987
08101987
08111987
08121987
09011987
09021987
09031987
09041987
09051987
09061987
09071987
09081987
09091987
09101987
09111987
09121987
10011987
10021987
10031987
10041987
10051987
10061987
10071987
10081987
10091987
10101987
10111987
10121987
11011987
11021987
11031987
11041987
11051987
11061987
11071987
11081987
11091987
11101987
11111987
11121987
12011987
12021987
12031987
12041987
12051987
12061987
12071987
12081987
12091987
12101987
12111987
12121987
13011987
13021987
13031987
13041987
13051987
13061987
13071987
13081987
13091987
13101987
13111987
13121987
14011987
14021987
14031987
14041987
14051987
14061987
14071987
14081987
14091987
14101987
14111987
14121987
15011987
15021987
15031987
15041987
15051987
15061987
15071987
15081987
15091987
15101987
15111987
15121987
16011987
16021987
16031987
16041987
16051987
16061987
16071987
16081987
16191987
16101987
16111987
16121987
17011987
17021987
17031987
17041987
17051987
17061987
17071987
17081987
17091987
17101987
17111987
17121987
18011987
18021987
18031987
18041987
18051987
18061987
18061987
18071987
18081987
18091987
18101987
18111987
18121987
19011987
19021987
19031987
19041987
19051987
19061987
19071987
19081987
19091987
19101987
19111987
19121987
19811987
19821987
19831987
19841987
19851987
19861987
19871987
19881987
19891987
20101987
20111987
20121987
21011987
21021987
21031987
21041987
21051987
21061987
21071987
21081987
21091987
21101987
21111987
21121987
22011987
22021987
22031987
22041987
22051987
22061987
22071987
22081987
22091987
22101987
22111987
22121987
23011987
23021987
23031987
23041987
23051987
23061987
23071987
23081987
23091987
23101987
23111987
23121987
24011987
24021987
24031987
24041987
24051987
24061987
24071987
24081987
24091987
24101987
24111987
24121987
25011987
25021987
25031987
25041987
25051987
25061987
25071987
25081987
25091987
25101987
25111987
25121987
26011987
26021987
26031987
26041987
26051987
26061987
26071987
27081987
26091987
26101987
26111987
26121987
27011987
27021987
27031987
27041987
27051987
27061987
27071987
27081987
27091987
27101987
27111987
27121987
28011987
28021987
28031987
28041987
28051987
28061987
28071987
28081987
28091987
28101987
28111987
28121987
29011987
29021987
29031987
29041987
29051987
29061987
29071987
29081987
29091987
29101987
29111987
29121987
29121987
30011987
30021987
30031987
30041987
30051987
30061987
30071987
30081987
30091987
30101987
30111987
30121987
01011988
01021988
01031988
01041988
01051988
01061988
01071988
01081988
01091988
01101988
01111988
01121988
02011988
02031988
02041988
02051988
02061988
02071988
02081988
02091988
02101988
02111988
02121988
03011988
03021988
03031988
03041988
03051988
03061988
03071988
03081988
03091988
03101988
03111988
03121988
04011988
04021988
04031988
04041988
04051988
04061988
04071988
04081988
04091988
04101988
04111988
04121988
05011988
05021988
05031988
05041988
05051988
05061988
05071988
05081988
05091988
05101988
05111988
05121988
06011988
06021988
06031988
06041988
06051988
06061988
06071988
06081988
06091988
06101988
06111988
06121988
07011988
07021988
07031988
07041988
07051988
07061988
07071988
07081988
07091988
07101988
07111988
07121988
08011988
08021988
08031988
08041988
08051988
08061988
08071988
08081988
08091988
08101988
08111988
08121988
09011988
09021988
09031988
09041988
09051988
09061988
09071988
09081988
09091988
09101988
09111988
09121988
10011988
10021988
10031988
10041988
10051988
10061988
10071988
10081988
10091988
10101988
10111988
10121988
11011988
11021988
11031988
11041988
11051988
11061988
11071988
11081988
11091988
11101988
11111988
11121988
12011988
12021988
12031988
12041988
12051988
12061988
12071988
12081988
12091988
12101988
12111988
12121988
13011988
13021988
13031988
13041988
13051988
13061988
13071988
13081988
13091988
13101988
13111988
13121988
14011988
14021988
14031988
14041988
14051988
14061988
14071988
14081988
14091988
14101988
14111988
14121988
15011988
15021988
15031988
15041988
15051988
15061988
15071988
15081988
15091988
15101988
15111988
15121988
16011988
16021988
16031988
16041988
16051988
16061988
16071988
16081988
16191988
16101988
16111988
16121988
17011988
17021988
17031988
17041988
17051988
17061988
17071988
17081988
17091988
17101988
17111988
17121988
18011988
18021988
18031988
18041988
18051988
18061988
18061988
18071988
18081988
18091988
18101988
18111988
18121988
19011988
19021988
19031988
19041988
19051988
19061988
19071988
19081988
19091988
19101988
19111988
19121988
19811988
19821988
19831988
19841988
19851988
19861988
19871988
19881988
19891988
20101988
20111988
20121988
21011988
21021988
21031988
21041988
21051988
21061988
21071988
21081988
21091988
21101988
21111988
21121988
22011988
22021988
22031988
22041988
22051988
22061988
22071988
22081988
22091988
22101988
22111988
22121988
23011988
23021988
23031988
23041988
23051988
23061988
23071988
23081988
23091988
23101988
23111988
23121988
24011988
24021988
24031988
24041988
24051988
24061988
24071988
24081988
24091988
24101988
24111988
24121988
25011988
25021988
25031988
25041988
25051988
25061988
25071988
25081988
25091988
25101988
25111988
25121988
26011988
26021988
26031988
26041988
26051988
26061988
26071988
27081988
26091988
26101988
26111988
26121988
27011988
27021988
27031988
27041988
27051988
27061988
27071988
27081988
27091988
27101988
27111988
27121988
28011988
28021988
28031988
28041988
28051988
28061988
28071988
28081988
28091988
28101988
28111988
28121988
29011988
29021988
29031988
29041988
29051988
29061988
29071988
29081988
29091988
29101988
29111988
29121988
29121988
30011988
30021988
30031988
30041988
30051988
30061988
30071988
30081988
30091988
30101988
30111988
30121988
01011989
01021989
01031989
01041989
01051989
01061989
01071989
01081989
01091989
01101989
01111989
01121989
02011989
02031989
02041989
02051989
02061989
02071989
02081989
02091989
02101989
02111989
02121989
03011989
03021989
03031989
03041989
03051989
03061989
03071989
03081989
03091989
03101989
03111989
03121989
04011989
04021989
04031989
04041989
04051989
04061989
04071989
04081989
04091989
04101989
04111989
04121989
05011989
05021989
05031989
05041989
05051989
05061989
05071989
05081989
05091989
05101989
05111989
05121989
06011989
06021989
06031989
06041989
06051989
06061989
06071989
06081989
06091989
06101989
06111989
06121989
07011989
07021989
07031989
07041989
07051989
07061989
07071989
07081989
07091989
07101989
07111989
07121989
08011989
08021989
08031989
08041989
08051989
08061989
08071989
08081989
08091989
08101989
08111989
08121989
09011989
09021989
09031989
09041989
09051989
09061989
09071989
09081989
09091989
09101989
09111989
09121989
10011989
10021989
10031989
10041989
10051989
10061989
10071989
10081989
10091989
10101989
10111989
10121989
11011989
11021989
11031989
11041989
11051989
11061989
11071989
11081989
11091989
11101989
11111989
11121989
12011989
12021989
12031989
12041989
12051989
12061989
12071989
12081989
12091989
12101989
12111989
12121989
13011989
13021989
13031989
13041989
13051989
13061989
13071989
13081989
13091989
13101989
13111989
13121989
14011989
14021989
14031989
14041989
14051989
14061989
14071989
14081989
14091989
14101989
14111989
14121989
15011989
15021989
15031989
15041989
15051989
15061989
15071989
15081989
15091989
15101989
15111989
15121989
16011989
16021989
16031989
16041989
16051989
16061989
16071989
16081989
16191989
16101989
16111989
16121989
17011989
17021989
17031989
17041989
17051989
17061989
17071989
17081989
17091989
17101989
17111989
17121989
18011989
18021989
18031989
18041989
18051989
18061989
18061989
18071989
18081989
18091989
18101989
18111989
18121989
19011989
19021989
19031989
19041989
19051989
19061989
19071989
19081989
19091989
19101989
19111989
19121989
19811989
19821989
19831989
19841989
19851989
19861989
19871989
19881989
19891989
20101989
20111989
20121989
21011989
21021989
21031989
21041989
21051989
21061989
21071989
21081989
21091989
21101989
21111989
21121989
22011989
22021989
22031989
22041989
22051989
22061989
22071989
22081989
22091989
22101989
22111989
22121989
23011989
23021989
23031989
23041989
23051989
23061989
23071989
23081989
23091989
23101989
23111989
23121989
24011989
24021989
24031989
24041989
24051989
24061989
24071989
24081989
24091989
24101989
24111989
24121989
25011989
25021989
25031989
25041989
25051989
25061989
25071989
25081989
25091989
25101989
25111989
25121989
26011989
26021989
26031989
26041989
26051989
26061989
26071989
27081989
26091989
26101989
26111989
26121989
27011989
27021989
27031989
27041989
27051989
27061989
27071989
27081989
27091989
27101989
27111989
27121989
28011989
28021989
28031989
28041989
28051989
28061989
28071989
28081989
28091989
28101989
28111989
28121989
29011989
29021989
29031989
29041989
29051989
29061989
29071989
29081989
29091989
29101989
29111989
29121989
29121989
30011989
30021989
30031989
30041989
30051989
30061989
30071989
30081989
30091989
30101989
30111989
30121989
01011990
01021990
01031990
01041990
01051990
01061990
01071990
01081990
01091990
01101990
01111990
01121990
02011990
02031990
02041990
02051990
02061990
02071990
02081990
02091990
02101990
02111990
02121990
03011990
03021990
03031990
03041990
03051990
03061990
03071990
03081990
03091990
03101990
03111990
03121990
04011990
04021990
04031990
04041990
04051990
04061990
04071990
04081990
04091990
04101990
04111990
04121990
05011990
05021990
05031990
05041990
05051990
05061990
05071990
05081990
05091990
05101990
05111990
05121990
06011990
06021990
06031990
06041990
06051990
06061990
06071990
06081990
06091990
06101990
06111990
06121990
07011990
07021990
07031990
07041990
07051990
07061990
07071990
07081990
07091990
07101990
07111990
07121990
08011990
08021990
08031990
08041990
08051990
08061990
08071990
08081990
08091990
08101990
08111990
08121990
09011990
09021990
09031990
09041990
09051990
09061990
09071990
09081990
09091990
09101990
09111990
09121990
10011990
10021990
10031990
10041990
10051990
10061990
10071990
10081990
10091990
10101990
10111990
10121990
11011990
11021990
11031990
11041990
11051990
11061990
11071990
11081990
11091990
11101990
11111990
11121990
12011990
12021990
12031990
12041990
12051990
12061990
12071990
12081990
12091990
12101990
12111990
12121990
13011990
13021990
13031990
13041990
13051990
13061990
13071990
13081990
13091990
13101990
13111990
13121990
14011990
14021990
14031990
14041990
14051990
14061990
14071990
14081990
14091990
14101990
14111990
14121990
15011990
15021990
15031990
15041990
15051990
15061990
15071990
15081990
15091990
15101990
15111990
15121990
16011990
16021990
16031990
16041990
16051990
16061990
16071990
16081990
16191990
16101990
16111990
16121990
17011990
17021990
17031990
17041990
17051990
17061990
17071990
17081990
17091990
17101990
17111990
17121990
18011990
18021990
18031990
18041990
18051990
18061990
18061990
18071990
18081990
18091990
18101990
18111990
18121990
19011990
19021990
19031990
19041990
19051990
19061990
19071990
19081990
19091990
19101990
19111990
19121990
20011990
20021990
20031990
20041990
20051990
20061990
20071990
20081990
20091990
20101990
20111990
20121990
21011990
21021990
21031990
21041990
21051990
21061990
21071990
21081990
21091990
21101990
21111990
21121990
22011990
22021990
22031990
22041990
22051990
22061990
22071990
22081990
22091990
22101990
22111990
22121990
23011990
23021990
23031990
23041990
23051990
23061990
23071990
23081990
23091990
23101990
23111990
23121990
24011990
24021990
24031990
24041990
24051990
24061990
24071990
24081990
24091990
24101990
24111990
24121990
25011990
25021990
25031990
25041990
25051990
25061990
25071990
25081990
25091990
25101990
25111990
25121990
26011990
26021990
26031990
26041990
26051990
26061990
26071990
27081990
26091990
26101990
26111990
26121990
27011990
27021990
27031990
27041990
27051990
27061990
27071990
27081990
27091990
27101990
27111990
27121990
28011990
28021990
28031990
28041990
28051990
28061990
28071990
28081990
28091990
28101990
28111990
28121990
29011990
29021990
29031990
29041990
29051990
29061990
29071990
29081990
29091990
29101990
29111990
29121990
29121990
30011990
30021990
30031990
30041990
30051990
30061990
30071990
30081990
30091990
30101990
30111990
30121990
01011991
01021991
01031991
01041991
01051991
01061991
01071991
01081991
01091991
01101991
01111991
01121991
02011991
02031991
02041991
02051991
02061991
02071991
02081991
02091991
02101991
02111991
02121991
03011991
03021991
03031991
03041991
03051991
03061991
03071991
03081991
03091991
03101991
03111991
03121991
04011991
04021991
04031991
04041991
04051991
04061991
04071991
04081991
04091991
04101991
04111991
04121991
05011991
05021991
05031991
05041991
05051991
05061991
05071991
05081991
05091991
05101991
05111991
05121991
06011991
06021991
06031991
06041991
06051991
06061991
06071991
06081991
06091991
06101991
06111991
06121991
07011991
07021991
07031991
07041991
07051991
07061991
07071991
07081991
07091991
07101991
07111991
07121991
08011991
08021991
08031991
08041991
08051991
08061991
08071991
08081991
08091991
08101991
08111991
08121991
09011991
09021991
09031991
09041991
09051991
09061991
09071991
09081991
09091991
09101991
09111991
09121991
10011991
10021991
10031991
10041991
10051991
10061991
10071991
10081991
10091991
10101991
10111991
10121991
11011991
11021991
11031991
11041991
11051991
11061991
11071991
11081991
11091991
11101991
11111991
11121991
12011991
12021991
12031991
12041991
12051991
12061991
12071991
12081991
12091991
12101991
12111991
12121991
13011991
13021991
13031991
13041991
13051991
13061991
13071991
13081991
13091991
13101991
13111991
13121991
14011991
14021991
14031991
14041991
14051991
14061991
14071991
14081991
14091991
14101991
14111991
14121991
15011991
15021991
15031991
15041991
15051991
15061991
15071991
15081991
15091991
15101991
15111991
15121991
16011991
16021991
16031991
16041991
16051991
16061991
16071991
16081991
16191991
16101991
16111991
16121991
17011991
17021991
17031991
17041991
17051991
17061991
17071991
17081991
17091991
17101991
17111991
17121991
18011991
18021991
18031991
18041991
18051991
18061991
18061991
18071991
18081991
18091991
18101991
18111991
18121991
19011991
19021991
19031991
19041991
19051991
19061991
19071991
19081991
19091991
19101991
19111991
19121991
20011991
20021991
20031991
20041991
20051991
20061991
20071991
20081991
20091991
20101991
20111991
20121991
21011991
21021991
21031991
21041991
21051991
21061991
21071991
21081991
21091991
21101991
21111991
21121991
22011991
22021991
22031991
22041991
22051991
22061991
22071991
22081991
22091991
22101991
22111991
22121991
23011991
23021991
23031991
23041991
23051991
23061991
23071991
23081991
23091991
23101991
23111991
23121991
24011991
24021991
24031991
24041991
24051991
24061991
24071991
24081991
24091991
24101991
24111991
24121991
25011991
25021991
25031991
25041991
25051991
25061991
25071991
25081991
25091991
25101991
25111991
25121991
26011991
26021991
26031991
26041991
26051991
26061991
26071991
27081991
26091991
26101991
26111991
26121991
27011991
27021991
27031991
27041991
27051991
27061991
27071991
27081991
27091991
27101991
27111991
27121991
28011991
28021991
28031991
28041991
28051991
28061991
28071991
28081991
28091991
28101991
28111991
28121991
29011991
29021991
29031991
29041991
29051991
29061991
29071991
29081991
29091991
29101991
29111991
29121991
29121991
30011991
30021991
30031991
30041991
30051991
30061991
30071991
30081991
30091991
30101991
30111991
30121991
01011992
01021992
01031992
01041992
01051992
01061992
01071992
01081992
01091992
01101992
01111992
01121992
02011992
02031992
02041992
02051992
02061992
02071992
02081992
02091992
02101992
02111992
02121992
03011992
03021992
03031992
03041992
03051992
03061992
03071992
03081992
03091992
03101992
03111992
03121992
04011992
04021992
04031992
04041992
04051992
04061992
04071992
04081992
04091992
04101992
04111992
04121992
05011992
05021992
05031992
05041992
05051992
05061992
05071992
05081992
05091992
05101992
05111992
05121992
06011992
06021992
06031992
06041992
06051992
06061992
06071992
06081992
06091992
06101992
06111992
06121992
07011992
07021992
07031992
07041992
07051992
07061992
07071992
07081992
07091992
07101992
07111992
07121992
08011992
08021992
08031992
08041992
08051992
08061992
08071992
08081992
08091992
08101992
08111992
08121992
09011992
09021992
09031992
09041992
09051992
09061992
09071992
09081992
09091992
09101992
09111992
09121992
10011992
10021992
10031992
10041992
10051992
10061992
10071992
10081992
10091992
10101992
10111992
10121992
11011992
11021992
11031992
11041992
11051992
11061992
11071992
11081992
11091992
11101992
11111992
11121992
12011992
12021992
12031992
12041992
12051992
12061992
12071992
12081992
12091992
12101992
12111992
12121992
13011992
13021992
13031992
13041992
13051992
13061992
13071992
13081992
13091992
13101992
13111992
13121992
14011992
14021992
14031992
14041992
14051992
14061992
14071992
14081992
14091992
14101992
14111992
14121992
15011992
15021992
15031992
15041992
15051992
15061992
15071992
15081992
15091992
15101992
15111992
15121992
16011992
16021992
16031992
16041992
16051992
16061992
16071992
16081992
16191992
16101992
16111992
16121992
17011992
17021992
17031992
17041992
17051992
17061992
17071992
17081992
17091992
17101992
17111992
17121992
18011992
18021992
18031992
18041992
18051992
18061992
18061992
18071992
18081992
18091992
18101992
18111992
18121992
19011992
19021992
19031992
19041992
19051992
19061992
19071992
19081992
19091992
19101992
19111992
19121992
20011992
20021992
20031992
20041992
20051992
20061992
20071992
20081992
20091992
20101992
20111992
20121992
21011992
21021992
21031992
21041992
21051992
21061992
21071992
21081992
21091992
21101992
21111992
21121992
22011992
22021992
22031992
22041992
22051992
22061992
22071992
22081992
22091992
22101992
22111992
22121992
23011992
23021992
23031992
23041992
23051992
23061992
23071992
23081992
23091992
23101992
23111992
23121992
24011992
24021992
24031992
24041992
24051992
24061992
24071992
24081992
24091992
24101992
24111992
24121992
25011992
25021992
25031992
25041992
25051992
25061992
25071992
25081992
25091992
25101992
25111992
25121992
26011992
26021992
26031992
26041992
26051992
26061992
26071992
27081992
26091992
26101992
26111992
26121992
27011992
27021992
27031992
27041992
27051992
27061992
27071992
27081992
27091992
27101992
27111992
27121992
28011992
28021992
28031992
28041992
28051992
28061992
28071992
28081992
28091992
28101992
28111992
28121992
29011992
29021992
29031992
29041992
29051992
29061992
29071992
29081992
29091992
29101992
29111992
29121992
29121992
30011992
30021992
30031992
30041992
30051992
30061992
30071992
30081992
30091992
30101992
30111992
30121992
01011993
01021993
01031993
01041993
01051993
01061993
01071993
01081993
01091993
01101993
01111993
01121993
02011993
02031993
02041993
02051993
02061993
02071993
02081993
02091993
02101993
02111993
02121993
03011993
03021993
03031993
03041993
03051993
03061993
03071993
03081993
03091993
03101993
03111993
03121993
04011993
04021993
04031993
04041993
04051993
04061993
04071993
04081993
04091993
04101993
04111993
04121993
05011993
05021993
05031993
05041993
05051993
05061993
05071993
05081993
05091993
05101993
05111993
05121993
06011993
06021993
06031993
06041993
06051993
06061993
06071993
06081993
06091993
06101993
06111993
06121993
07011993
07021993
07031993
07041993
07051993
07061993
07071993
07081993
07091993
07101993
07111993
07121993
08011993
08021993
08031993
08041993
08051993
08061993
08071993
08081993
08091993
08101993
08111993
08121993
09011993
09021993
09031993
09041993
09051993
09061993
09071993
09081993
09091993
09101993
09111993
09121993
10011993
10021993
10031993
10041993
10051993
10061993
10071993
10081993
10091993
10101993
10111993
10121993
11011993
11021993
11031993
11041993
11051993
11061993
11071993
11081993
11091993
11101993
11111993
11121993
12011993
12021993
12031993
12041993
12051993
12061993
12071993
12081993
12091993
12101993
12111993
12121993
13011993
13021993
13031993
13041993
13051993
13061993
13071993
13081993
13091993
13101993
13111993
13121993
14011993
14021993
14031993
14041993
14051993
14061993
14071993
14081993
14091993
14101993
14111993
14121993
15011993
15021993
15031993
15041993
15051993
15061993
15071993
15081993
15091993
15101993
15111993
15121993
16011993
16021993
16031993
16041993
16051993
16061993
16071993
16081993
16191993
16101993
16111993
16121993
17011993
17021993
17031993
17041993
17051993
17061993
17071993
17081993
17091993
17101993
17111993
17121993
18011993
18021993
18031993
18041993
18051993
18061993
18061993
18071993
18081993
18091993
18101993
18111993
18121993
19011993
19021993
19031993
19041993
19051993
19061993
19071993
19081993
19091993
19101993
19111993
19121993
20011993
20021993
20031993
20041993
20051993
20061993
20071993
20081993
20091993
20101993
20111993
20121993
21011993
21021993
21031993
21041993
21051993
21061993
21071993
21081993
21091993
21101993
21111993
21121993
22011993
22021993
22031993
22041993
22051993
22061993
22071993
22081993
22091993
22101993
22111993
22121993
23011993
23021993
23031993
23041993
23051993
23061993
23071993
23081993
23091993
23101993
23111993
23121993
24011993
24021993
24031993
24041993
24051993
24061993
24071993
24081993
24091993
24101993
24111993
24121993
25011993
25021993
25031993
25041993
25051993
25061993
25071993
25081993
25091993
25101993
25111993
25121993
26011993
26021993
26031993
26041993
26051993
26061993
26071993
27081993
26091993
26101993
26111993
26121993
27011993
27021993
27031993
27041993
27051993
27061993
27071993
27081993
27091993
27101993
27111993
27121993
28011993
28021993
28031993
28041993
28051993
28061993
28071993
28081993
28091993
28101993
28111993
28121993
29011993
29021993
29031993
29041993
29051993
29061993
29071993
29081993
29091993
29101993
29111993
29121993
29121993
30011993
30021993
30031993
30041993
30051993
30061993
30071993
30081993
30091993
30101993
30111993
30121993
01011994
01021994
01031994
01041994
01051994
01061994
01071994
01081994
01091994
01101994
01111994
01121994
02011994
02031994
02041994
02051994
02061994
02071994
02081994
02091994
02101994
02111994
02121994
03011994
03021994
03031994
03041994
03051994
03061994
03071994
03081994
03091994
03101994
03111994
03121994
04011994
04021994
04031994
04041994
04051994
04061994
04071994
04081994
04091994
04101994
04111994
04121994
05011994
05021994
05031994
05041994
05051994
05061994
05071994
05081994
05091994
05101994
05111994
05121994
06011994
06021994
06031994
06041994
06051994
06061994
06071994
06081994
06091994
06101994
06111994
06121994
07011994
07021994
07031994
07041994
07051994
07061994
07071994
07081994
07091994
07101994
07111994
07121994
08011994
08021994
08031994
08041994
08051994
08061994
08071994
08081994
08091994
08101994
08111994
08121994
09011994
09021994
09031994
09041994
09051994
09061994
09071994
09081994
09091994
09101994
09111994
09121994
10011994
10021994
10031994
10041994
10051994
10061994
10071994
10081994
10091994
10101994
10111994
10121994
11011994
11021994
11031994
11041994
11051994
11061994
11071994
11081994
11091994
11101994
11111994
11121994
12011994
12021994
12031994
12041994
12051994
12061994
12071994
12081994
12091994
12101994
12111994
12121994
13011994
13021994
13031994
13041994
13051994
13061994
13071994
13081994
13091994
13101994
13111994
13121994
14011994
14021994
14031994
14041994
14051994
14061994
14071994
14081994
14091994
14101994
14111994
14121994
15011994
15021994
15031994
15041994
15051994
15061994
15071994
15081994
15091994
15101994
15111994
15121994
16011994
16021994
16031994
16041994
16051994
16061994
16071994
16081994
16191994
16101994
16111994
16121994
17011994
17021994
17031994
17041994
17051994
17061994
17071994
17081994
17091994
17101994
17111994
17121994
18011994
18021994
18031994
18041994
18051994
18061994
18061994
18071994
18081994
18091994
18101994
18111994
18121994
19011994
19021994
19031994
19041994
19051994
19061994
19071994
19081994
19091994
19101994
19111994
19121994
20011994
20021994
20031994
20041994
20051994
20061994
20071994
20081994
20091994
20101994
20111994
20121994
21011994
21021994
21031994
21041994
21051994
21061994
21071994
21081994
21091994
21101994
21111994
21121994
22011994
22021994
22031994
22041994
22051994
22061994
22071994
22081994
22091994
22101994
22111994
22121994
23011994
23021994
23031994
23041994
23051994
23061994
23071994
23081994
23091994
23101994
23111994
23121994
24011994
24021994
24031994
24041994
24051994
24061994
24071994
24081994
24091994
24101994
24111994
24121994
25011994
25021994
25031994
25041994
25051994
25061994
25071994
25081994
25091994
25101994
25111994
25121994
26011994
26021994
26031994
26041994
26051994
26061994
26071994
27081994
26091994
26101994
26111994
26121994
27011994
27021994
27031994
27041994
27051994
27061994
27071994
27081994
27091994
27101994
27111994
27121994
28011994
28021994
28031994
28041994
28051994
28061994
28071994
28081994
28091994
28101994
28111994
28121994
29011994
29021994
29031994
29041994
29051994
29061994
29071994
29081994
29091994
29101994
29111994
29121994
29121994
30011994
30021994
30031994
30041994
30051994
30061994
30071994
30081994
30091994
30101994
30111994
30121994
01011995
01021995
01031995
01041995
01051995
01061995
01071995
01081995
01091995
01101995
01111995
01121995
02011995
02031995
02041995
02051995
02061995
02071995
02081995
02091995
02101995
02111995
02121995
03011995
03021995
03031995
03041995
03051995
03061995
03071995
03081995
03091995
03101995
03111995
03121995
04011995
04021995
04031995
04041995
04051995
04061995
04071995
04081995
04091995
04101995
04111995
04121995
05011995
05021995
05031995
05041995
05051995
05061995
05071995
05081995
05091995
05101995
05111995
05121995
06011995
06021995
06031995
06041995
06051995
06061995
06071995
06081995
06091995
06101995
06111995
06121995
07011995
07021995
07031995
07041995
07051995
07061995
07071995
07081995
07091995
07101995
07111995
07121995
08011995
08021995
08031995
08041995
08051995
08061995
08071995
08081995
08091995
08101995
08111995
08121995
09011995
09021995
09031995
09041995
09051995
09061995
09071995
09081995
09091995
09101995
09111995
09121995
10011995
10021995
10031995
10041995
10051995
10061995
10071995
10081995
10091995
10101995
10111995
10121995
11011995
11021995
11031995
11041995
11051995
11061995
11071995
11081995
11091995
11101995
11111995
11121995
12011995
12021995
12031995
12041995
12051995
12061995
12071995
12081995
12091995
12101995
12111995
12121995
13011995
13021995
13031995
13041995
13051995
13061995
13071995
13081995
13091995
13101995
13111995
13121995
14011995
14021995
14031995
14041995
14051995
14061995
14071995
14081995
14091995
14101995
14111995
14121995
15011995
15021995
15031995
15041995
15051995
15061995
15071995
15081995
15091995
15101995
15111995
15121995
16011995
16021995
16031995
16041995
16051995
16061995
16071995
16081995
16191995
16101995
16111995
16121995
17011995
17021995
17031995
17041995
17051995
17061995
17071995
17081995
17091995
17101995
17111995
17121995
18011995
18021995
18031995
18041995
18051995
18061995
18061995
18071995
18081995
18091995
18101995
18111995
18121995
19011995
19021995
19031995
19041995
19051995
19061995
19071995
19081995
19091995
19101995
19111995
19121995
20011995
20021995
20031995
20041995
20051995
20061995
20071995
20081995
20091995
20101995
20111995
20121995
21011995
21021995
21031995
21041995
21051995
21061995
21071995
21081995
21091995
21101995
21111995
21121995
22011995
22021995
22031995
22041995
22051995
22061995
22071995
22081995
22091995
22101995
22111995
22121995
23011995
23021995
23031995
23041995
23051995
23061995
23071995
23081995
23091995
23101995
23111995
23121995
24011995
24021995
24031995
24041995
24051995
24061995
24071995
24081995
24091995
24101995
24111995
24121995
25011995
25021995
25031995
25041995
25051995
25061995
25071995
25081995
25091995
25101995
25111995
25121995
26011995
26021995
26031995
26041995
26051995
26061995
26071995
27081995
26091995
26101995
26111995
26121995
27011995
27021995
27031995
27041995
27051995
27061995
27071995
27081995
27091995
27101995
27111995
27121995
28011995
28021995
28031995
28041995
28051995
28061995
28071995
28081995
28091995
28101995
28111995
28121995
29011995
29021995
29031995
29041995
29051995
29061995
29071995
29081995
29091995
29101995
29111995
29121995
29121995
30011995
30021995
30031995
30041995
30051995
30061995
30071995
30081995
30091995
30101995
30111995
30121995
01011996
01021996
01031996
01041996
01051996
01061996
01071996
01081996
01091996
01101996
01111996
01121996
02011996
02031996
02041996
02051996
02061996
02071996
02081996
02091996
02101996
02111996
02121996
03011996
03021996
03031996
03041996
03051996
03061996
03071996
03081996
03091996
03101996
03111996
03121996
04011996
04021996
04031996
04041996
04051996
04061996
04071996
04081996
04091996
04101996
04111996
04121996
05011996
05021996
05031996
05041996
05051996
05061996
05071996
05081996
05091996
05101996
05111996
05121996
06011996
06021996
06031996
06041996
06051996
06061996
06071996
06081996
06091996
06101996
06111996
06121996
07011996
07021996
07031996
07041996
07051996
07061996
07071996
07081996
07091996
07101996
07111996
07121996
08011996
08021996
08031996
08041996
08051996
08061996
08071996
08081996
08091996
08101996
08111996
08121996
09011996
09021996
09031996
09041996
09051996
09061996
09071996
09081996
09091996
09101996
09111996
09121996
10011996
10021996
10031996
10041996
10051996
10061996
10071996
10081996
10091996
10101996
10111996
10121996
11011996
11021996
11031996
11041996
11051996
11061996
11071996
11081996
11091996
11101996
11111996
11121996
12011996
12021996
12031996
12041996
12051996
12061996
12071996
12081996
12091996
12101996
12111996
12121996
13011996
13021996
13031996
13041996
13051996
13061996
13071996
13081996
13091996
13101996
13111996
13121996
14011996
14021996
14031996
14041996
14051996
14061996
14071996
14081996
14091996
14101996
14111996
14121996
15011996
15021996
15031996
15041996
15051996
15061996
15071996
15081996
15091996
15101996
15111996
15121996
16011996
16021996
16031996
16041996
16051996
16061996
16071996
16081996
16191996
16101996
16111996
16121996
17011996
17021996
17031996
17041996
17051996
17061996
17071996
17081996
17091996
17101996
17111996
17121996
18011996
18021996
18031996
18041996
18051996
18061996
18061996
18071996
18081996
18091996
18101996
18111996
18121996
19011996
19021996
19031996
19041996
19051996
19061996
19071996
19081996
19091996
19101996
19111996
19121996
20011996
20021996
20031996
20041996
20051996
20061996
20071996
20081996
20091996
20101996
20111996
20121996
21011996
21021996
21031996
21041996
21051996
21061996
21071996
21081996
21091996
21101996
21111996
21121996
22011996
22021996
22031996
22041996
22051996
22061996
22071996
22081996
22091996
22101996
22111996
22121996
23011996
23021996
23031996
23041996
23051996
23061996
23071996
23081996
23091996
23101996
23111996
23121996
24011996
24021996
24031996
24041996
24051996
24061996
24071996
24081996
24091996
24101996
24111996
24121996
25011996
25021996
25031996
25041996
25051996
25061996
25071996
25081996
25091996
25101996
25111996
25121996
26011996
26021996
26031996
26041996
26051996
26061996
26071996
27081996
26091996
26101996
26111996
26121996
27011996
27021996
27031996
27041996
27051996
27061996
27071996
27081996
27091996
27101996
27111996
27121996
28011996
28021996
28031996
28041996
28051996
28061996
28071996
28081996
28091996
28101996
28111996
28121996
29011996
29021996
29031996
29041996
29051996
29061996
29071996
29081996
29091996
29101996
29111996
29121996
29121996
30011996
30021996
30031996
30041996
30051996
30061996
30071996
30081996
30091996
30101996
30111996
30121996
01011997
01021997
01031997
01041997
01051997
01061997
01071997
01081997
01091997
01101997
01111997
01121997
02011997
02031997
02041997
02051997
02061997
02071997
02081997
02091997
02101997
02111997
02121997
03011997
03021997
03031997
03041997
03051997
03061997
03071997
03081997
03091997
03101997
03111997
03121997
04011997
04021997
04031997
04041997
04051997
04061997
04071997
04081997
04091997
04101997
04111997
04121997
05011997
05021997
05031997
05041997
05051997
05061997
05071997
05081997
05091997
05101997
05111997
05121997
06011997
06021997
06031997
06041997
06051997
06061997
06071997
06081997
06091997
06101997
06111997
06121997
07011997
07021997
07031997
07041997
07051997
07061997
07071997
07081997
07091997
07101997
07111997
07121997
08011997
08021997
08031997
08041997
08051997
08061997
08071997
08081997
08091997
08101997
08111997
08121997
09011997
09021997
09031997
09041997
09051997
09061997
09071997
09081997
09091997
09101997
09111997
09121997
10011997
10021997
10031997
10041997
10051997
10061997
10071997
10081997
10091997
10101997
10111997
10121997
11011997
11021997
11031997
11041997
11051997
11061997
11071997
11081997
11091997
11101997
11111997
11121997
12011997
12021997
12031997
12041997
12051997
12061997
12071997
12081997
12091997
12101997
12111997
12121997
13011997
13021997
13031997
13041997
13051997
13061997
13071997
13081997
13091997
13101997
13111997
13121997
14011997
14021997
14031997
14041997
14051997
14061997
14071997
14081997
14091997
14101997
14111997
14121997
15011997
15021997
15031997
15041997
15051997
15061997
15071997
15081997
15091997
15101997
15111997
15121997
16011997
16021997
16031997
16041997
16051997
16061997
16071997
16081997
16191997
16101997
16111997
16121997
17011997
17021997
17031997
17041997
17051997
17061997
17071997
17081997
17091997
17101997
17111997
17121997
18011997
18021997
18031997
18041997
18051997
18061997
18061997
18071997
18081997
18091997
18101997
18111997
18121997
19011997
19021997
19031997
19041997
19051997
19061997
19071997
19081997
19091997
19101997
19111997
19121997
20011997
20021997
20031997
20041997
20051997
20061997
20071997
20081997
20091997
20101997
20111997
20121997
21011997
21021997
21031997
21041997
21051997
21061997
21071997
21081997
21091997
21101997
21111997
21121997
22011997
22021997
22031997
22041997
22051997
22061997
22071997
22081997
22091997
22101997
22111997
22121997
23011997
23021997
23031997
23041997
23051997
23061997
23071997
23081997
23091997
23101997
23111997
23121997
24011997
24021997
24031997
24041997
24051997
24061997
24071997
24081997
24091997
24101997
24111997
24121997
25011997
25021997
25031997
25041997
25051997
25061997
25071997
25081997
25091997
25101997
25111997
25121997
26011997
26021997
26031997
26041997
26051997
26061997
26071997
27081997
26091997
26101997
26111997
26121997
27011997
27021997
27031997
27041997
27051997
27061997
27071997
27081997
27091997
27101997
27111997
27121997
28011997
28021997
28031997
28041997
28051997
28061997
28071997
28081997
28091997
28101997
28111997
28121997
29011997
29021997
29031997
29041997
29051997
29061997
29071997
29081997
29091997
29101997
29111997
29121997
29121997
30011997
30021997
30031997
30041997
30051997
30061997
30071997
30081997
30091997
30101997
30111997
30121997
01011998
01021998
01031998
01041998
01051998
01061998
01071998
01081998
01091998
01101998
01111998
01121998
02011998
02031998
02041998
02051998
02061998
02071998
02081998
02091998
02101998
02111998
02121998
03011998
03021998
03031998
03041998
03051998
03061998
03071998
03081998
03091998
03101998
03111998
03121998
04011998
04021998
04031998
04041998
04051998
04061998
04071998
04081998
04091998
04101998
04111998
04121998
05011998
05021998
05031998
05041998
05051998
05061998
05071998
05081998
05091998
05101998
05111998
05121998
06011998
06021998
06031998
06041998
06051998
06061998
06071998
06081998
06091998
06101998
06111998
06121998
07011998
07021998
07031998
07041998
07051998
07061998
07071998
07081998
07091998
07101998
07111998
07121998
08011998
08021998
08031998
08041998
08051998
08061998
08071998
08081998
08091998
08101998
08111998
08121998
09011998
09021998
09031998
09041998
09051998
09061998
09071998
09081998
09091998
09101998
09111998
09121998
10011998
10021998
10031998
10041998
10051998
10061998
10071998
10081998
10091998
10101998
10111998
10121998
11011998
11021998
11031998
11041998
11051998
11061998
11071998
11081998
11091998
11101998
11111998
11121998
12011998
12021998
12031998
12041998
12051998
12061998
12071998
12081998
12091998
12101998
12111998
12121998
13011998
13021998
13031998
13041998
13051998
13061998
13071998
13081998
13091998
13101998
13111998
13121998
14011998
14021998
14031998
14041998
14051998
14061998
14071998
14081998
14091998
14101998
14111998
14121998
15011998
15021998
15031998
15041998
15051998
15061998
15071998
15081998
15091998
15101998
15111998
15121998
16011998
16021998
16031998
16041998
16051998
16061998
16071998
16081998
16191998
16101998
16111998
16121998
17011998
17021998
17031998
17041998
17051998
17061998
17071998
17081998
17091998
17101998
17111998
17121998
18011998
18021998
18031998
18041998
18051998
18061998
18061998
18071998
18081998
18091998
18101998
18111998
18121998
19011998
19021998
19031998
19041998
19051998
19061998
19071998
19081998
19091998
19101998
19111998
19121998
20011998
20021998
20031998
20041998
20051998
20061998
20071998
20081998
20091998
20101998
20111998
20121998
21011998
21021998
21031998
21041998
21051998
21061998
21071998
21081998
21091998
21101998
21111998
21121998
22011998
22021998
22031998
22041998
22051998
22061998
22071998
22081998
22091998
22101998
22111998
22121998
23011998
23021998
23031998
23041998
23051998
23061998
23071998
23081998
23091998
23101998
23111998
23121998
24011998
24021998
24031998
24041998
24051998
24061998
24071998
24081998
24091998
24101998
24111998
24121998
25011998
25021998
25031998
25041998
25051998
25061998
25071998
25081998
25091998
25101998
25111998
25121998
26011998
26021998
26031998
26041998
26051998
26061998
26071998
27081998
26091998
26101998
26111998
26121998
27011998
27021998
27031998
27041998
27051998
27061998
27071998
27081998
27091998
27101998
27111998
27121998
28011998
28021998
28031998
28041998
28051998
28061998
28071998
28081998
28091998
28101998
28111998
28121998
29011998
29021998
29031998
29041998
29051998
29061998
29071998
29081998
29091998
29101998
29111998
29121998
29121998
30011998
30021998
30031998
30041998
30051998
30061998
30071998
30081998
30091998
30101998
30111998
30121998
01011999
01021999
01031999
01041999
01051999
01061999
01071999
01081999
01091999
01101999
01111999
01121999
02011999
02031999
02041999
02051999
02061999
02071999
02081999
02091999
02101999
02111999
02121999
03011999
03021999
03031999
03041999
03051999
03061999
03071999
03081999
03091999
03101999
03111999
03121999
04011999
04021999
04031999
04041999
04051999
04061999
04071999
04081999
04091999
04101999
04111999
04121999
05011999
05021999
05031999
05041999
05051999
05061999
05071999
05081999
05091999
05101999
05111999
05121999
06011999
06021999
06031999
06041999
06051999
06061999
06071999
06081999
06091999
06101999
06111999
06121999
07011999
07021999
07031999
07041999
07051999
07061999
07071999
07081999
07091999
07101999
07111999
07121999
08011999
08021999
08031999
08041999
08051999
08061999
08071999
08081999
08091999
08101999
08111999
08121999
09011999
09021999
09031999
09041999
09051999
09061999
09071999
09081999
09091999
09101999
09111999
09121999
10011999
10021999
10031999
10041999
10051999
10061999
10071999
10081999
10091999
10101999
10111999
10121999
11011999
11021999
11031999
11041999
11051999
11061999
11071999
11081999
11091999
11101999
11111999
11121999
12011999
12021999
12031999
12041999
12051999
12061999
12071999
12081999
12091999
12101999
12111999
12121999
13011999
13021999
13031999
13041999
13051999
13061999
13071999
13081999
13091999
13101999
13111999
13121999
14011999
14021999
14031999
14041999
14051999
14061999
14071999
14081999
14091999
14101999
14111999
14121999
15011999
15021999
15031999
15041999
15051999
15061999
15071999
15081999
15091999
15101999
15111999
15121999
16011999
16021999
16031999
16041999
16051999
16061999
16071999
16081999
16191999
16101999
16111999
16121999
17011999
17021999
17031999
17041999
17051999
17061999
17071999
17081999
17091999
17101999
17111999
17121999
18011999
18021999
18031999
18041999
18051999
18061999
18061999
18071999
18081999
18091999
18101999
18111999
18121999
19011999
19021999
19031999
19041999
19051999
19061999
19071999
19081999
19091999
19101999
19111999
19121999
20011999
20021999
20031999
20041999
20051999
20061999
20071999
20081999
20091999
20101999
20111999
20121999
21011999
21021999
21031999
21041999
21051999
21061999
21071999
21081999
21091999
21101999
21111999
21121999
22011999
22021999
22031999
22041999
22051999
22061999
22071999
22081999
22091999
22101999
22111999
22121999
23011999
23021999
23031999
23041999
23051999
23061999
23071999
23081999
23091999
23101999
23111999
23121999
24011999
24021999
24031999
24041999
24051999
24061999
24071999
24081999
24091999
24101999
24111999
24121999
25011999
25021999
25031999
25041999
25051999
25061999
25071999
25081999
25091999
25101999
25111999
25121999
26011999
26021999
26031999
26041999
26051999
26061999
26071999
27081999
26091999
26101999
26111999
26121999
27011999
27021999
27031999
27041999
27051999
27061999
27071999
27081999
27091999
27101999
27111999
27121999
28011999
28021999
28031999
28041999
28051999
28061999
28071999
28081999
28091999
28101999
28111999
28121999
29011999
29021999
29031999
29041999
29051999
29061999
29071999
29081999
29091999
29101999
29111999
29121999
29121999
30011999
30021999
30031999
30041999
30051999
30061999
30071999
30081999
30091999
30101999
30111999
30121999
01012000
01022000
01032000
01042000
01052000
01062000
01072000
01082000
01092000
01102000
01112000
01122000
02012000
02032000
02042000
02052000
02062000
02072000
02082000
02092000
02102000
02112000
02122000
03012000
03022000
03032000
03042000
03052000
03062000
03072000
03082000
03092000
03102000
03112000
03122000
04012000
04022000
04032000
04042000
04052000
04062000
04072000
04082000
04092000
04102000
04112000
04122000
05012000
05022000
05032000
05042000
05052000
05062000
05072000
05082000
05092000
05102000
05112000
05122000
06012000
06022000
06032000
06042000
06052000
06062000
06072000
06082000
06092000
06102000
06112000
06122000
07012000
07022000
07032000
07042000
07052000
07062000
07072000
07082000
07092000
07102000
07112000
07122000
08012000
08022000
08032000
08042000
08052000
08062000
08072000
08082000
08092000
08102000
08112000
08122000
09012000
09022000
09032000
09042000
09052000
09062000
09072000
09082000
09092000
09102000
09112000
09122000
10012000
10022000
10032000
10042000
10052000
10062000
10072000
10082000
10092000
10102000
10112000
10122000
11012000
11022000
11032000
11042000
11052000
11062000
11072000
11082000
11092000
11102000
11112000
11122000
12012000
12022000
12032000
12042000
12052000
12062000
12072000
12082000
12092000
12102000
12112000
12122000
13012000
13022000
13032000
13042000
13052000
13062000
13072000
13082000
13092000
13102000
13112000
13122000
14012000
14022000
14032000
14042000
14052000
14062000
14072000
14082000
14092000
14102000
14112000
14122000
15012000
15022000
15032000
15042000
15052000
15062000
15072000
15082000
15092000
15102000
15112000
15122000
16012000
16022000
16032000
16042000
16052000
16062000
16072000
16082000
16192000
16102000
16112000
16122000
17012000
17022000
17032000
17042000
17052000
17062000
17072000
17082000
17092000
17102000
17112000
17122000
18012000
18022000
18032000
18042000
18052000
18062000
18062000
18072000
18082000
18092000
18102000
18112000
18122000
19012000
19022000
19032000
19042000
19052000
19062000
19072000
19082000
19092000
19102000
19112000
19122000
20012000
20022000
20032000
20042000
20052000
20062000
20072000
20082000
20092000
20102000
20112000
20122000
21012000
21022000
21032000
21042000
21052000
21062000
21072000
21082000
21092000
21102000
21112000
21122000
22012000
22022000
22032000
22042000
22052000
22062000
22072000
22082000
22092000
22102000
22112000
22122000
23012000
23022000
23032000
23042000
23052000
23062000
23072000
23082000
23092000
23102000
23112000
23122000
24012000
24022000
24032000
24042000
24052000
24062000
24072000
24082000
24092000
24102000
24112000
24122000
25012000
25022000
25032000
25042000
25052000
25062000
25072000
25082000
25092000
25102000
25112000
25122000
26012000
26022000
26032000
26042000
26052000
26062000
26072000
27082000
26092000
26102000
26112000
26122000
27012000
27022000
27032000
27042000
27052000
27062000
27072000
27082000
27092000
27102000
27112000
27122000
28012000
28022000
28032000
28042000
28052000
28062000
28072000
28082000
28092000
28102000
28112000
28122000
29012000
29022000
29032000
29042000
29052000
29062000
29072000
29082000
29092000
29102000
29112000
29122000
29122000
30012000
30022000
30032000
30042000
30052000
30062000
30072000
30082000
30092000
30102000
30112000
30122000
01012001
01022001
01032001
01042001
01052001
01062001
01072001
01082001
01092001
01102001
01112001
01122001
02012001
02032001
02042001
02052001
02062001
02072001
02082001
02092001
02102001
02112001
02122001
03012001
03022001
03032001
03042001
03052001
03062001
03072001
03082001
03092001
03102001
03112001
03122001
04012001
04022001
04032001
04042001
04052001
04062001
04072001
04082001
04092001
04102001
04112001
04122001
05012001
05022001
05032001
05042001
05052001
05062001
05072001
05082001
05092001
05102001
05112001
05122001
06012001
06022001
06032001
06042001
06052001
06062001
06072001
06082001
06092001
06102001
06112001
06122001
07012001
07022001
07032001
07042001
07052001
07062001
07072001
07082001
07092001
07102001
07112001
07122001
08012001
08022001
08032001
08042001
08052001
08062001
08072001
08082001
08092001
08102001
08112001
08122001
09012001
09022001
09032001
09042001
09052001
09062001
09072001
09082001
09092001
09102001
09112001
09122001
10012001
10022001
10032001
10042001
10052001
10062001
10072001
10082001
10092001
10102001
10112001
10122001
11012001
11022001
11032001
11042001
11052001
11062001
11072001
11082001
11092001
11102001
11112001
11122001
12012001
12022001
12032001
12042001
12052001
12062001
12072001
12082001
12092001
12102001
12112001
12122001
13012001
13022001
13032001
13042001
13052001
13062001
13072001
13082001
13092001
13102001
13112001
13122001
14012001
14022001
14032001
14042001
14052001
14062001
14072001
14082001
14092001
14102001
14112001
14122001
15012001
15022001
15032001
15042001
15052001
15062001
15072001
15082001
15092001
15102001
15112001
15122001
16012001
16022001
16032001
16042001
16052001
16062001
16072001
16082001
16192001
16102001
16112001
16122001
17012001
17022001
17032001
17042001
17052001
17062001
17072001
17082001
17092001
17102001
17112001
17122001
18012001
18022001
18032001
18042001
18052001
18062001
18062001
18072001
18082001
18092001
18102001
18112001
18122001
19012001
19022001
19032001
19042001
19052001
19062001
19072001
19082001
19092001
19102001
19112001
19122001
20012001
20022001
20032001
20042001
20052001
20062001
20072001
20082001
20092001
20102001
20112001
20122001
21012001
21022001
21032001
21042001
21052001
21062001
21072001
21082001
21092001
21102001
21112001
21122001
22012001
22022001
22032001
22042001
22052001
22062001
22072001
22082001
22092001
22102001
22112001
22122001
23012001
23022001
23032001
23042001
23052001
23062001
23072001
23082001
23092001
23102001
23112001
23122001
24012001
24022001
24032001
24042001
24052001
24062001
24072001
24082001
24092001
24102001
24112001
24122001
25012001
25022001
25032001
25042001
25052001
25062001
25072001
25082001
25092001
25102001
25112001
25122001
26012001
26022001
26032001
26042001
26052001
26062001
26072001
27082001
26092001
26102001
26112001
26122001
27012001
27022001
27032001
27042001
27052001
27062001
27072001
27082001
27092001
27102001
27112001
27122001
28012001
28022001
28032001
28042001
28052001
28062001
28072001
28082001
28092001
28102001
28112001
28122001
29012001
29022001
29032001
29042001
29052001
29062001
29072001
29082001
29092001
29102001
29112001
29122001
29122001
30012001
30022001
30032001
30042001
30052001
30062001
30072001
30082001
30092001
30102001
30112001
30122001
01012002
01022002
01032002
01042002
01052002
01062002
01072002
01082002
01092002
01102002
01112002
01122002
02012002
02032002
02042002
02052002
02062002
02072002
02082002
02092002
02102002
02112002
02122002
03012002
03022002
03032002
03042002
03052002
03062002
03072002
03082002
03092002
03102002
03112002
03122002
04012002
04022002
04032002
04042002
04052002
04062002
04072002
04082002
04092002
04102002
04112002
04122002
05012002
05022002
05032002
05042002
05052002
05062002
05072002
05082002
05092002
05102002
05112002
05122002
06012002
06022002
06032002
06042002
06052002
06062002
06072002
06082002
06092002
06102002
06112002
06122002
07012002
07022002
07032002
07042002
07052002
07062002
07072002
07082002
07092002
07102002
07112002
07122002
08012002
08022002
08032002
08042002
08052002
08062002
08072002
08082002
08092002
08102002
08112002
08122002
09012002
09022002
09032002
09042002
09052002
09062002
09072002
09082002
09092002
09102002
09112002
09122002
10012002
10022002
10032002
10042002
10052002
10062002
10072002
10082002
10092002
10102002
10112002
10122002
11012002
11022002
11032002
11042002
11052002
11062002
11072002
11082002
11092002
11102002
11112002
11122002
12012002
12022002
12032002
12042002
12052002
12062002
12072002
12082002
12092002
12102002
12112002
12122002
13012002
13022002
13032002
13042002
13052002
13062002
13072002
13082002
13092002
13102002
13112002
13122002
14012002
14022002
14032002
14042002
14052002
14062002
14072002
14082002
14092002
14102002
14112002
14122002
15012002
15022002
15032002
15042002
15052002
15062002
15072002
15082002
15092002
15102002
15112002
15122002
16012002
16022002
16032002
16042002
16052002
16062002
16072002
16082002
16192002
16102002
16112002
16122002
17012002
17022002
17032002
17042002
17052002
17062002
17072002
17082002
17092002
17102002
17112002
17122002
18012002
18022002
18032002
18042002
18052002
18062002
18062002
18072002
18082002
18092002
18102002
18112002
18122002
19012002
19022002
19032002
19042002
19052002
19062002
19072002
19082002
19092002
19102002
19112002
19122002
20012002
20022002
20032002
20042002
20052002
20062002
20072002
20082002
20092002
20102002
20112002
20122002
21012002
21022002
21032002
21042002
21052002
21062002
21072002
21082002
21092002
21102002
21112002
21122002
22012002
22022002
22032002
22042002
22052002
22062002
22072002
22082002
22092002
22102002
22112002
22122002
23012002
23022002
23032002
23042002
23052002
23062002
23072002
23082002
23092002
23102002
23112002
23122002
24012002
24022002
24032002
24042002
24052002
24062002
24072002
24082002
24092002
24102002
24112002
24122002
25012002
25022002
25032002
25042002
25052002
25062002
25072002
25082002
25092002
25102002
25112002
25122002
26012002
26022002
26032002
26042002
26052002
26062002
26072002
27082002
26092002
26102002
26112002
26122002
27012002
27022002
27032002
27042002
27052002
27062002
27072002
27082002
27092002
27102002
27112002
27122002
28012002
28022002
28032002
28042002
28052002
28062002
28072002
28082002
28092002
28102002
28112002
28122002
29012002
29022002
29032002
29042002
29052002
29062002
29072002
29082002
29092002
29102002
29112002
29122002
29122002
30012002
30022002
30032002
30042002
30052002
30062002
30072002
30082002
30092002
30102002
30112002
30122002
01012003
01022003
01032003
01042003
01052003
01062003
01072003
01082003
01092003
01102003
01112003
01122003
02012003
02032003
02042003
02052003
02062003
02072003
02082003
02092003
02102003
02112003
02122003
03012003
03022003
03032003
03042003
03052003
03062003
03072003
03082003
03092003
03102003
03112003
03122003
04012003
04022003
04032003
04042003
04052003
04062003
04072003
04082003
04092003
04102003
04112003
04122003
05012003
05022003
05032003
05042003
05052003
05062003
05072003
05082003
05092003
05102003
05112003
05122003
06012003
06022003
06032003
06042003
06052003
06062003
06072003
06082003
06092003
06102003
06112003
06122003
07012003
07022003
07032003
07042003
07052003
07062003
07072003
07082003
07092003
07102003
07112003
07122003
08012003
08022003
08032003
08042003
08052003
08062003
08072003
08082003
08092003
08102003
08112003
08122003
09012003
09022003
09032003
09042003
09052003
09062003
09072003
09082003
09092003
09102003
09112003
09122003
10012003
10022003
10032003
10042003
10052003
10062003
10072003
10082003
10092003
10102003
10112003
10122003
11012003
11022003
11032003
11042003
11052003
11062003
11072003
11082003
11092003
11102003
11112003
11122003
12012003
12022003
12032003
12042003
12052003
12062003
12072003
12082003
12092003
12102003
12112003
12122003
13012003
13022003
13032003
13042003
13052003
13062003
13072003
13082003
13092003
13102003
13112003
13122003
14012003
14022003
14032003
14042003
14052003
14062003
14072003
14082003
14092003
14102003
14112003
14122003
15012003
15022003
15032003
15042003
15052003
15062003
15072003
15082003
15092003
15102003
15112003
15122003
16012003
16022003
16032003
16042003
16052003
16062003
16072003
16082003
16192003
16102003
16112003
16122003
17012003
17022003
17032003
17042003
17052003
17062003
17072003
17082003
17092003
17102003
17112003
17122003
18012003
18022003
18032003
18042003
18052003
18062003
18062003
18072003
18082003
18092003
18102003
18112003
18122003
19012003
19022003
19032003
19042003
19052003
19062003
19072003
19082003
19092003
19102003
19112003
19122003
20012003
20022003
20032003
20042003
20052003
20062003
20072003
20082003
20092003
20102003
20112003
20122003
21012003
21022003
21032003
21042003
21052003
21062003
21072003
21082003
21092003
21102003
21112003
21122003
22012003
22022003
22032003
22042003
22052003
22062003
22072003
22082003
22092003
22102003
22112003
22122003
23012003
23022003
23032003
23042003
23052003
23062003
23072003
23082003
23092003
23102003
23112003
23122003
24012003
24022003
24032003
24042003
24052003
24062003
24072003
24082003
24092003
24102003
24112003
24122003
25012003
25022003
25032003
25042003
25052003
25062003
25072003
25082003
25092003
25102003
25112003
25122003
26012003
26022003
26032003
26042003
26052003
26062003
26072003
27082003
26092003
26102003
26112003
26122003
27012003
27022003
27032003
27042003
27052003
27062003
27072003
27082003
27092003
27102003
27112003
27122003
28012003
28022003
28032003
28042003
28052003
28062003
28072003
28082003
28092003
28102003
28112003
28122003
29012003
29022003
29032003
29042003
29052003
29062003
29072003
29082003
29092003
29102003
29112003
29122003
29122003
30012003
30022003
30032003
30042003
30052003
30062003
30072003
30082003
30092003
30102003
30112003
30122003
01012004
01022004
01032004
01042004
01052004
01062004
01072004
01082004
01092004
01102004
01112004
01122004
02012004
02032004
02042004
02052004
02062004
02072004
02082004
02092004
02102004
02112004
02122004
03012004
03022004
03032004
03042004
03052004
03062004
03072004
03082004
03092004
03102004
03112004
03122004
04012004
04022004
04032004
04042004
04052004
04062004
04072004
04082004
04092004
04102004
04112004
04122004
05012004
05022004
05032004
05042004
05052004
05062004
05072004
05082004
05092004
05102004
05112004
05122004
06012004
06022004
06032004
06042004
06052004
06062004
06072004
06082004
06092004
06102004
06112004
06122004
07012004
07022004
07032004
07042004
07052004
07062004
07072004
07082004
07092004
07102004
07112004
07122004
08012004
08022004
08032004
08042004
08052004
08062004
08072004
08082004
08092004
08102004
08112004
08122004
09012004
09022004
09032004
09042004
09052004
09062004
09072004
09082004
09092004
09102004
09112004
09122004
10012004
10022004
10032004
10042004
10052004
10062004
10072004
10082004
10092004
10102004
10112004
10122004
11012004
11022004
11032004
11042004
11052004
11062004
11072004
11082004
11092004
11102004
11112004
11122004
12012004
12022004
12032004
12042004
12052004
12062004
12072004
12082004
12092004
12102004
12112004
12122004
13012004
13022004
13032004
13042004
13052004
13062004
13072004
13082004
13092004
13102004
13112004
13122004
14012004
14022004
14032004
14042004
14052004
14062004
14072004
14082004
14092004
14102004
14112004
14122004
15012004
15022004
15032004
15042004
15052004
15062004
15072004
15082004
15092004
15102004
15112004
15122004
16012004
16022004
16032004
16042004
16052004
16062004
16072004
16082004
16192004
16102004
16112004
16122004
17012004
17022004
17032004
17042004
17052004
17062004
17072004
17082004
17092004
17102004
17112004
17122004
18012004
18022004
18032004
18042004
18052004
18062004
18062004
18072004
18082004
18092004
18102004
18112004
18122004
19012004
19022004
19032004
19042004
19052004
19062004
19072004
19082004
19092004
19102004
19112004
19122004
20012004
20022004
20032004
20042004
20052004
20062004
20072004
20082004
20092004
20102004
20112004
20122004
21012004
21022004
21032004
21042004
21052004
21062004
21072004
21082004
21092004
21102004
21112004
21122004
22012004
22022004
22032004
22042004
22052004
22062004
22072004
22082004
22092004
22102004
22112004
22122004
23012004
23022004
23032004
23042004
23052004
23062004
23072004
23082004
23092004
23102004
23112004
23122004
24012004
24022004
24032004
24042004
24052004
24062004
24072004
24082004
24092004
24102004
24112004
24122004
25012004
25022004
25032004
25042004
25052004
25062004
25072004
25082004
25092004
25102004
25112004
25122004
26012004
26022004
26032004
26042004
26052004
26062004
26072004
27082004
26092004
26102004
26112004
26122004
27012004
27022004
27032004
27042004
27052004
27062004
27072004
27082004
27092004
27102004
27112004
27122004
28012004
28022004
28032004
28042004
28052004
28062004
28072004
28082004
28092004
28102004
28112004
28122004
29012004
29022004
29032004
29042004
29052004
29062004
29072004
29082004
29092004
29102004
29112004
29122004
29122004
30012004
30022004
30032004
30042004
30052004
30062004
30072004
30082004
30092004
30102004
30112004
30122004
01012005
01022005
01032005
01042005
01052005
01062005
01072005
01082005
01092005
01102005
01112005
01122005
02012005
02032005
02042005
02052005
02062005
02072005
02082005
02092005
02102005
02112005
02122005
03012005
03022005
03032005
03042005
03052005
03062005
03072005
03082005
03092005
03102005
03112005
03122005
04012005
04022005
04032005
04042005
04052005
04062005
04072005
04082005
04092005
04102005
04112005
04122005
05012005
05022005
05032005
05042005
05052005
05062005
05072005
05082005
05092005
05102005
05112005
05122005
06012005
06022005
06032005
06042005
06052005
06062005
06072005
06082005
06092005
06102005
06112005
06122005
07012005
07022005
07032005
07042005
07052005
07062005
07072005
07082005
07092005
07102005
07112005
07122005
08012005
08022005
08032005
08042005
08052005
08062005
08072005
08082005
08092005
08102005
08112005
08122005
09012005
09022005
09032005
09042005
09052005
09062005
09072005
09082005
09092005
09102005
09112005
09122005
10012005
10022005
10032005
10042005
10052005
10062005
10072005
10082005
10092005
10102005
10112005
10122005
11012005
11022005
11032005
11042005
11052005
11062005
11072005
11082005
11092005
11102005
11112005
11122005
12012005
12022005
12032005
12042005
12052005
12062005
12072005
12082005
12092005
12102005
12112005
12122005
13012005
13022005
13032005
13042005
13052005
13062005
13072005
13082005
13092005
13102005
13112005
13122005
14012005
14022005
14032005
14042005
14052005
14062005
14072005
14082005
14092005
14102005
14112005
14122005
15012005
15022005
15032005
15042005
15052005
15062005
15072005
15082005
15092005
15102005
15112005
15122005
16012005
16022005
16032005
16042005
16052005
16062005
16072005
16082005
16192005
16102005
16112005
16122005
17012005
17022005
17032005
17042005
17052005
17062005
17072005
17082005
17092005
17102005
17112005
17122005
18012005
18022005
18032005
18042005
18052005
18062005
18062005
18072005
18082005
18092005
18102005
18112005
18122005
19012005
19022005
19032005
19042005
19052005
19062005
19072005
19082005
19092005
19102005
19112005
19122005
20012005
20022005
20032005
20042005
20052005
20062005
20072005
20082005
20092005
20102005
20112005
20122005
21012005
21022005
21032005
21042005
21052005
21062005
21072005
21082005
21092005
21102005
21112005
21122005
22012005
22022005
22032005
22042005
22052005
22062005
22072005
22082005
22092005
22102005
22112005
22122005
23012005
23022005
23032005
23042005
23052005
23062005
23072005
23082005
23092005
23102005
23112005
23122005
24012005
24022005
24032005
24042005
24052005
24062005
24072005
24082005
24092005
24102005
24112005
24122005
25012005
25022005
25032005
25042005
25052005
25062005
25072005
25082005
25092005
25102005
25112005
25122005
26012005
26022005
26032005
26042005
26052005
26062005
26072005
27082005
26092005
26102005
26112005
26122005
27012005
27022005
27032005
27042005
27052005
27062005
27072005
27082005
27092005
27102005
27112005
27122005
28012005
28022005
28032005
28042005
28052005
28062005
28072005
28082005
28092005
28102005
28112005
28122005
29012005
29022005
29032005
29042005
29052005
29062005
29072005
29082005
29092005
29102005
29112005
29122005
29122005
30012005
30022005
30032005
30042005
30052005
30062005
30072005
30082005
30092005
30102005
30112005
30122005
01012006
01022006
01032006
01042006
01052006
01062006
01072006
01082006
01092006
01102006
01112006
01122006
02012006
02032006
02042006
02052006
02062006
02072006
02082006
02092006
02102006
02112006
02122006
03012006
03022006
03032006
03042006
03052006
03062006
03072006
03082006
03092006
03102006
03112006
03122006
04012006
04022006
04032006
04042006
04052006
04062006
04072006
04082006
04092006
04102006
04112006
04122006
05012006
05022006
05032006
05042006
05052006
05062006
05072006
05082006
05092006
05102006
05112006
05122006
06012006
06022006
06032006
06042006
06052006
06062006
06072006
06082006
06092006
06102006
06112006
06122006
07012006
07022006
07032006
07042006
07052006
07062006
07072006
07082006
07092006
07102006
07112006
07122006
08012006
08022006
08032006
08042006
08052006
08062006
08072006
08082006
08092006
08102006
08112006
08122006
09012006
09022006
09032006
09042006
09052006
09062006
09072006
09082006
09092006
09102006
09112006
09122006
10012006
10022006
10032006
10042006
10052006
10062006
10072006
10082006
10092006
10102006
10112006
10122006
11012006
11022006
11032006
11042006
11052006
11062006
11072006
11082006
11092006
11102006
11112006
11122006
12012006
12022006
12032006
12042006
12052006
12062006
12072006
12082006
12092006
12102006
12112006
12122006
13012006
13022006
13032006
13042006
13052006
13062006
13072006
13082006
13092006
13102006
13112006
13122006
14012006
14022006
14032006
14042006
14052006
14062006
14072006
14082006
14092006
14102006
14112006
14122006
15012006
15022006
15032006
15042006
15052006
15062006
15072006
15082006
15092006
15102006
15112006
15122006
16012006
16022006
16032006
16042006
16052006
16062006
16072006
16082006
16192006
16102006
16112006
16122006
17012006
17022006
17032006
17042006
17052006
17062006
17072006
17082006
17092006
17102006
17112006
17122006
18012006
18022006
18032006
18042006
18052006
18062006
18062006
18072006
18082006
18092006
18102006
18112006
18122006
19012006
19022006
19032006
19042006
19052006
19062006
19072006
19082006
19092006
19102006
19112006
19122006
20012006
20022006
20032006
20042006
20052006
20062006
20072006
20082006
20092006
20102006
20112006
20122006
21012006
21022006
21032006
21042006
21052006
21062006
21072006
21082006
21092006
21102006
21112006
21122006
22012006
22022006
22032006
22042006
22052006
22062006
22072006
22082006
22092006
22102006
22112006
22122006
23012006
23022006
23032006
23042006
23052006
23062006
23072006
23082006
23092006
23102006
23112006
23122006
24012006
24022006
24032006
24042006
24052006
24062006
24072006
24082006
24092006
24102006
24112006
24122006
25012006
25022006
25032006
25042006
25052006
25062006
25072006
25082006
25092006
25102006
25112006
25122006
26012006
26022006
26032006
26042006
26052006
26062006
26072006
27082006
26092006
26102006
26112006
26122006
27012006
27022006
27032006
27042006
27052006
27062006
27072006
27082006
27092006
27102006
27112006
27122006
28012006
28022006
28032006
28042006
28052006
28062006
28072006
28082006
28092006
28102006
28112006
28122006
29012006
29022006
29032006
29042006
29052006
29062006
29072006
29082006
29092006
29102006
29112006
29122006
29122006
30012006
30022006
30032006
30042006
30052006
30062006
30072006
30082006
30092006
30102006
30112006
30122006
01012007
01022007
01032007
01042007
01052007
01062007
01072007
01082007
01092007
01102007
01112007
01122007
02012007
02032007
02042007
02052007
02062007
02072007
02082007
02092007
02102007
02112007
02122007
03012007
03022007
03032007
03042007
03052007
03062007
03072007
03082007
03092007
03102007
03112007
03122007
04012007
04022007
04032007
04042007
04052007
04062007
04072007
04082007
04092007
04102007
04112007
04122007
05012007
05022007
05032007
05042007
05052007
05062007
05072007
05082007
05092007
05102007
05112007
05122007
06012007
06022007
06032007
06042007
06052007
06062007
06072007
06082007
06092007
06102007
06112007
06122007
07012007
07022007
07032007
07042007
07052007
07062007
07072007
07082007
07092007
07102007
07112007
07122007
08012007
08022007
08032007
08042007
08052007
08062007
08072007
08082007
08092007
08102007
08112007
08122007
09012007
09022007
09032007
09042007
09052007
09062007
09072007
09082007
09092007
09102007
09112007
09122007
10012007
10022007
10032007
10042007
10052007
10062007
10072007
10082007
10092007
10102007
10112007
10122007
11012007
11022007
11032007
11042007
11052007
11062007
11072007
11082007
11092007
11102007
11112007
11122007
12012007
12022007
12032007
12042007
12052007
12062007
12072007
12082007
12092007
12102007
12112007
12122007
13012007
13022007
13032007
13042007
13052007
13062007
13072007
13082007
13092007
13102007
13112007
13122007
14012007
14022007
14032007
14042007
14052007
14062007
14072007
14082007
14092007
14102007
14112007
14122007
15012007
15022007
15032007
15042007
15052007
15062007
15072007
15082007
15092007
15102007
15112007
15122007
16012007
16022007
16032007
16042007
16052007
16062007
16072007
16082007
16192007
16102007
16112007
16122007
17012007
17022007
17032007
17042007
17052007
17062007
17072007
17082007
17092007
17102007
17112007
17122007
18012007
18022007
18032007
18042007
18052007
18062007
18062007
18072007
18082007
18092007
18102007
18112007
18122007
19012007
19022007
19032007
19042007
19052007
19062007
19072007
19082007
19092007
19102007
19112007
19122007
20012007
20022007
20032007
20042007
20052007
20062007
20072007
20082007
20092007
20102007
20112007
20122007
21012007
21022007
21032007
21042007
21052007
21062007
21072007
21082007
21092007
21102007
21112007
21122007
22012007
22022007
22032007
22042007
22052007
22062007
22072007
22082007
22092007
22102007
22112007
22122007
23012007
23022007
23032007
23042007
23052007
23062007
23072007
23082007
23092007
23102007
23112007
23122007
24012007
24022007
24032007
24042007
24052007
24062007
24072007
24082007
24092007
24102007
24112007
24122007
25012007
25022007
25032007
25042007
25052007
25062007
25072007
25082007
25092007
25102007
25112007
25122007
26012007
26022007
26032007
26042007
26052007
26062007
26072007
27082007
26092007
26102007
26112007
26122007
27012007
27022007
27032007
27042007
27052007
27062007
27072007
27082007
27092007
27102007
27112007
27122007
28012007
28022007
28032007
28042007
28052007
28062007
28072007
28082007
28092007
28102007
28112007
28122007
29012007
29022007
29032007
29042007
29052007
29062007
29072007
29082007
29092007
29102007
29112007
29122007
29122007
30012007
30022007
30032007
30042007
30052007
30062007
30072007
30082007
30092007
30102007
30112007
30122007
01012008
01022008
01032008
01042008
01052008
01062008
01072008
01082008
01092008
01102008
01112008
01122008
02012008
02032008
02042008
02052008
02062008
02072008
02082008
02092008
02102008
02112008
02122008
03012008
03022008
03032008
03042008
03052008
03062008
03072008
03082008
03092008
03102008
03112008
03122008
04012008
04022008
04032008
04042008
04052008
04062008
04072008
04082008
04092008
04102008
04112008
04122008
05012008
05022008
05032008
05042008
05052008
05062008
05072008
05082008
05092008
05102008
05112008
05122008
06012008
06022008
06032008
06042008
06052008
06062008
06072008
06082008
06092008
06102008
06112008
06122008
07012008
07022008
07032008
07042008
07052008
07062008
07072008
07082008
07092008
07102008
07112008
07122008
08012008
08022008
08032008
08042008
08052008
08062008
08072008
08082008
08092008
08102008
08112008
08122008
09012008
09022008
09032008
09042008
09052008
09062008
09072008
09082008
09092008
09102008
09112008
09122008
10012008
10022008
10032008
10042008
10052008
10062008
10072008
10082008
10092008
10102008
10112008
10122008
11012008
11022008
11032008
11042008
11052008
11062008
11072008
11082008
11092008
11102008
11112008
11122008
12012008
12022008
12032008
12042008
12052008
12062008
12072008
12082008
12092008
12102008
12112008
12122008
13012008
13022008
13032008
13042008
13052008
13062008
13072008
13082008
13092008
13102008
13112008
13122008
14012008
14022008
14032008
14042008
14052008
14062008
14072008
14082008
14092008
14102008
14112008
14122008
15012008
15022008
15032008
15042008
15052008
15062008
15072008
15082008
15092008
15102008
15112008
15122008
16012008
16022008
16032008
16042008
16052008
16062008
16072008
16082008
16192008
16102008
16112008
16122008
17012008
17022008
17032008
17042008
17052008
17062008
17072008
17082008
17092008
17102008
17112008
17122008
18012008
18022008
18032008
18042008
18052008
18062008
18062008
18072008
18082008
18092008
18102008
18112008
18122008
19012008
19022008
19032008
19042008
19052008
19062008
19072008
19082008
19092008
19102008
19112008
19122008
20012008
20022008
20032008
20042008
20052008
20062008
20072008
20082008
20092008
20102008
20112008
20122008
21012008
21022008
21032008
21042008
21052008
21062008
21072008
21082008
21092008
21102008
21112008
21122008
22012008
22022008
22032008
22042008
22052008
22062008
22072008
22082008
22092008
22102008
22112008
22122008
23012008
23022008
23032008
23042008
23052008
23062008
23072008
23082008
23092008
23102008
23112008
23122008
24012008
24022008
24032008
24042008
24052008
24062008
24072008
24082008
24092008
24102008
24112008
24122008
25012008
25022008
25032008
25042008
25052008
25062008
25072008
25082008
25092008
25102008
25112008
25122008
26012008
26022008
26032008
26042008
26052008
26062008
26072008
27082008
26092008
26102008
26112008
26122008
27012008
27022008
27032008
27042008
27052008
27062008
27072008
27082008
27092008
27102008
27112008
27122008
28012008
28022008
28032008
28042008
28052008
28062008
28072008
28082008
28092008
28102008
28112008
28122008
29012008
29022008
29032008
29042008
29052008
29062008
29072008
29082008
29092008
29102008
29112008
29122008
29122008
30012008
30022008
30032008
30042008
30052008
30062008
30072008
30082008
30092008
30102008
30112008
30122008
01012009
01022009
01032009
01042009
01052009
01062009
01072009
01082009
01092009
01102009
01112009
01122009
02012009
02032009
02042009
02052009
02062009
02072009
02082009
02092009
02102009
02112009
02122009
03012009
03022009
03032009
03042009
03052009
03062009
03072009
03082009
03092009
03102009
03112009
03122009
04012009
04022009
04032009
04042009
04052009
04062009
04072009
04082009
04092009
04102009
04112009
04122009
05012009
05022009
05032009
05042009
05052009
05062009
05072009
05082009
05092009
05102009
05112009
05122009
06012009
06022009
06032009
06042009
06052009
06062009
06072009
06082009
06092009
06102009
06112009
06122009
07012009
07022009
07032009
07042009
07052009
07062009
07072009
07082009
07092009
07102009
07112009
07122009
08012009
08022009
08032009
08042009
08052009
08062009
08072009
08082009
08092009
08102009
08112009
08122009
09012009
09022009
09032009
09042009
09052009
09062009
09072009
09082009
09092009
09102009
09112009
09122009
10012009
10022009
10032009
10042009
10052009
10062009
10072009
10082009
10092009
10102009
10112009
10122009
11012009
11022009
11032009
11042009
11052009
11062009
11072009
11082009
11092009
11102009
11112009
11122009
12012009
12022009
12032009
12042009
12052009
12062009
12072009
12082009
12092009
12102009
12112009
12122009
13012009
13022009
13032009
13042009
13052009
13062009
13072009
13082009
13092009
13102009
13112009
13122009
14012009
14022009
14032009
14042009
14052009
14062009
14072009
14082009
14092009
14102009
14112009
14122009
15012009
15022009
15032009
15042009
15052009
15062009
15072009
15082009
15092009
15102009
15112009
15122009
16012009
16022009
16032009
16042009
16052009
16062009
16072009
16082009
16192009
16102009
16112009
16122009
17012009
17022009
17032009
17042009
17052009
17062009
17072009
17082009
17092009
17102009
17112009
17122009
18012009
18022009
18032009
18042009
18052009
18062009
18062009
18072009
18082009
18092009
18102009
18112009
18122009
19012009
19022009
19032009
19042009
19052009
19062009
19072009
19082009
19092009
19102009
19112009
19122009
20012009
20022009
20032009
20042009
20052009
20062009
20072009
20082009
20092009
20102009
20112009
20122009
21012009
21022009
21032009
21042009
21052009
21062009
21072009
21082009
21092009
21102009
21112009
21122009
22012009
22022009
22032009
22042009
22052009
22062009
22072009
22082009
22092009
22102009
22112009
22122009
23012009
23022009
23032009
23042009
23052009
23062009
23072009
23082009
23092009
23102009
23112009
23122009
24012009
24022009
24032009
24042009
24052009
24062009
24072009
24082009
24092009
24102009
24112009
24122009
25012009
25022009
25032009
25042009
25052009
25062009
25072009
25082009
25092009
25102009
25112009
25122009
26012009
26022009
26032009
26042009
26052009
26062009
26072009
27082009
26092009
26102009
26112009
26122009
27012009
27022009
27032009
27042009
27052009
27062009
27072009
27082009
27092009
27102009
27112009
27122009
28012009
28022009
28032009
28042009
28052009
28062009
28072009
28082009
28092009
28102009
28112009
28122009
29012009
29022009
29032009
29042009
29052009
29062009
29072009
29082009
29092009
29102009
29112009
29122009
29122009
30012009
30022009
30032009
30042009
30052009
30062009
30072009
30082009
30092009
30102009
30112009
30122009
